1 1 1 1 1.35291 1.35291 1.66873 1.93397 1.93397 2.17492 2.17492 2.17492 2.17492 2.17492 2.17492 2.17492 2.39047 2.39047 2.39047 2.57613 2.75593 2.75593 2.75593 2.75593 2.75593 2.92089 2.92089 2.92089 2.92089 3.08464 3.08464 3.08464 3.08464 3.08464 3.08464 3.08464 3.08464 3.08464 3.08464 3.08464 3.08464 3.08464 3.08464 3.08464 3.08464 3.21466 3.21466 3.21466 3.21466 3.21466 3.21466 3.21466 3.35102 3.35102 3.35102 3.35102 3.35102 3.35102 3.35102 3.35102 3.35102 3.35102 3.35102 3.35102 3.49114 3.63145 3.63145 3.63145 3.7614 3.7614 3.87391 3.87391 3.87391 3.87391 3.87391 3.87391 3.87391 3.87391 3.87391 3.87391 3.98442 3.98442 3.98442 3.98442 4.09967 4.09967 4.09967 4.09967 4.2185 4.2185 4.2185 4.2185 4.2185 4.2185 4.2185 4.2185 4.2185 4.2185 4.2185 4.2185 4.2185 4.2185 4.2185 4.2185 4.2185 4.2185 4.32847 4.44162 4.44162 4.44162 4.44162 4.52239 4.52239 4.52239 4.52239 4.52239 4.52239 4.60079 4.60079 4.60079 4.60079 4.60079 4.60079 4.60079 4.60079 4.60079 4.60079 4.60079 4.60079 4.60079 4.60079 4.60079 4.60079 4.60079 4.60079 4.60079 4.60079 4.60079 4.60079 4.60079 4.60079 4.60079 4.60079 4.60079 4.60079 4.60079 4.60079 4.6433 4.6433 4.6433 4.6433 4.6433 4.6433 4.6433 4.6433 4.6433 4.6433 4.6433 4.6433 4.6433 4.74318 4.8195 4.8195 4.8195 4.8195 4.9043 4.97175 4.97175 4.97175 4.97175 5.05457 5.14583 5.14583 5.14583 5.14583 5.14583 5.14583 5.14583 5.14583 5.14583 5.14583 5.14583 5.14583 5.14583 5.14583 5.14583 5.14583 5.14583 5.14583 5.14583 5.14583 5.14583 5.14583 5.14583 5.14583 5.14583 5.14583 5.14583 5.14583 5.14583 5.14583 5.14583 5.14583 5.14583 5.14583 5.14583 5.14583 5.14583 5.14583 5.14583 5.14583 5.14583 5.14583 5.14583 5.14583 5.14583 5.14583 5.14583 5.14583 5.14583 5.14583 5.14583 5.14583 5.22704 5.22704 5.22704 5.22704 5.22704 5.22704 5.22704 5.22704 5.22704 5.22704 5.22704 5.22704 5.22704 5.22704 5.22704 5.22704 5.22704 5.22704 5.22704 5.22704 5.22704 5.22704 5.22704 5.22704 5.22704 5.22704 5.22704 5.22704 5.22704 5.22704 5.22704 5.22704 5.22704 5.22704 5.22704 5.22704 5.27456 5.27456 5.27456 5.27456 5.27456 5.27456 5.27456 5.27456 5.27456 5.27456 5.27456 5.27456 5.27456 5.27456 5.27456 5.36843 5.36843 5.45709 5.45709 5.45709 5.45709 5.53073 5.53073 5.53073 5.61189 5.61189 5.61189 5.61189 5.61189 5.61189 5.61189 5.61189 5.61189 5.61189 5.69633 5.69633 5.69633 5.69633 5.69633 5.77856 5.77856 5.77856 5.77856 5.77856 5.77856 5.77856 5.77856 5.77856 5.77856 5.77856 5.77856 5.77856 5.77856 5.77856 5.77856 5.77856 5.77856 5.77856 5.77856 5.77856 5.77856 5.77856 5.77856 5.77856 5.77856 5.77856 5.77856 5.77856 5.77856 5.77856 5.77856 5.77856 5.77856 5.77856 5.77856 5.77856 5.77856 5.77856 5.77856 5.77856 5.77856 5.77856 5.77856 5.77856 5.77856 5.77856 5.77856 5.77856 5.77856 5.77856 5.77856 5.77856 5.86335 5.86335 5.86335 5.86335 5.86335 5.86335 5.86335 5.86335 5.86335 5.93939 5.93939 5.93939 5.93939 5.93939 5.93939 5.93939 5.93939 5.93939 5.93939 5.93939 5.93939 5.93939 5.93939 5.93939 5.93939 5.93939 5.93939 5.93939 5.93939 5.93939 5.93939 5.93939 5.93939 5.93939 5.93939 5.93939 5.93939 5.93939 5.93939 5.93939 5.93939 5.93939 5.93939 5.93939 5.93939 5.93939 5.93939 5.93939 5.93939 5.93939 5.93939 5.93939 5.93939 5.93939 5.93939 5.93939 5.93939 5.93939 5.93939 5.93939 5.93939 5.93939 5.93939 5.93939 5.93939 5.93939 5.93939 6.01172 
6.01172 
6.01172 
6.01172 
6.01172 
1 1 1 1 1 1 1 1 1 1.37925 1.68931 1.94841 1.94841 2.06447 2.26906 2.26906 2.26906 2.26906 2.26906 2.4705 2.4705 2.4705 2.4705 2.4705 2.66438 2.66438 2.84179 2.84179 2.84179 3.01128 3.01128 3.01128 3.01128 3.1404 3.1404 3.1404 3.1404 3.1404 3.1404 3.1404 3.27973 3.27973 3.27973 3.27973 3.27973 3.27973 3.27973 3.27973 3.27973 3.27973 3.40953 3.40953 3.40953 3.5488 3.68502 3.68502 3.68502 3.68502 3.68502 3.68502 3.68502 3.68502 3.81822 3.94219 3.94219 3.94219 3.94219 3.94219 3.94219 3.94219 3.94219 3.94219 4.05188 4.1547 4.1547 4.26293 4.26293 4.26293 4.26293 4.26293 4.26293 4.26293 4.26293 4.26293 4.36661 4.46196 4.56527 4.56527 4.56527 4.56527 4.56527 4.56527 4.6686 4.6686 4.6686 4.6686 4.6686 4.6686 4.6686 4.6686 4.6686 4.6686 4.6686 4.6686 4.6686 4.6686 4.6686 4.6686 4.6686 4.6686 4.6686 4.6686 4.6686 4.6686 4.6686 4.6686 4.7645 4.7645 4.86365 4.86365 4.86365 4.86365 4.86365 4.86365 4.95795 4.95795 5.05047 5.05047 5.05047 5.05047 5.05047 5.05047 5.05047 5.05047 5.05047 5.05047 5.05047 5.05047 5.05047 5.05047 5.05047 5.05047 5.1427 5.1427 5.1427 5.1427 5.1427 5.1427 5.1427 5.1427 5.1427 5.1427 5.23401 5.23401 5.23401 5.23401 5.23401 5.23401 5.23401 5.23401 5.23401 5.23401 5.23401 5.23401 5.32286 5.41254 5.41254 5.41254 5.41254 5.41254 5.41254 5.41254 5.41254 5.41254 5.41254 5.41254 5.41254 5.41254 5.4492 5.4492 5.4492 5.4492 5.4492 5.4492 5.4492 5.4492 5.4492 5.4492 5.53721 5.53721 5.53721 5.53721 5.53721 5.53721 5.57581 5.57581 5.65091 5.65091 5.65091 5.65091 5.65091 5.65091 5.65091 5.72925 5.72925 5.72925 5.72925 5.72925 5.72925 5.72925 5.72925 5.72925 5.72925 5.72925 5.72925 5.72925 5.72925 5.72925 5.72925 5.72925 5.72925 5.72925 5.72925 5.72925 5.77436 5.77436 5.77436 5.77436 5.85655 5.85655 5.85655 5.85655 5.85655 5.85655 5.85655 5.85655 5.85655 5.85655 5.85655 5.85655 5.85655 5.85655 5.85655 5.85655 5.85655 5.85655 5.85655 5.85655 5.85655 5.85655 5.85655 5.85655 5.85655 5.85655 5.85655 5.85655 5.85655 5.85655 5.85655 5.85655 5.9225 5.9225 5.9225 5.9225 6.00337 
6.00337 
6.00337 
6.00337 
6.00337 
6.00337 
6.00337 
6.00337 
6.00337 
6.00337 
6.00337 
6.00337 
6.00337 
6.00337 
6.00337 
6.00337 
6.00337 
6.00337 
6.00337 
6.00337 
6.00337 
6.00337 
6.00337 
6.00337 
6.00337 
6.00337 
6.00337 
6.00337 
6.00337 
6.00337 
6.00337 
6.00337 
6.00337 
6.00337 
6.00337 
6.00337 
6.00337 
6.00337 
1 1.37596 1.37596 1.69592 1.69592 1.69592 1.69592 1.69592 1.69592 1.69592 1.69592 1.69592 1.69592 1.69592 1.96605 1.96605 1.96605 1.96605 1.96605 1.96605 1.96605 1.96605 1.96605 1.96605 1.96605 1.96605 1.96605 1.96605 2.19004 2.19004 2.19004 2.19004 2.19004 2.19004 2.19004 2.19004 2.19004 2.19004 2.19004 2.19004 2.19004 2.19004 2.19004 2.3768 2.3768 2.3768 2.3768 2.3768 2.3768 2.3768 2.3768 2.3768 2.3768 2.57634 2.57634 2.57634 2.75701 2.75701 2.75701 2.75701 2.75701 2.75701 2.92214 3.0593 3.0593 3.0593 3.0593 3.0593 3.0593 3.0593 3.0593 3.0593 3.0593 3.0593 3.0593 3.0593 3.0593 3.0593 3.0593 3.0593 3.0593 3.0593 3.0593 3.0593 3.0593 3.0593 3.0593 3.0593 3.0593 3.0593 3.0593 3.0593 3.0593 3.0593 3.0593 3.0593 3.21241 3.21241 3.21241 3.21241 3.36381 3.36381 3.36381 3.49189 3.49189 3.49189 3.49189 3.49189 3.49189 3.49189 3.61796 3.61796 3.61796 3.61796 3.61796 3.61796 3.61796 3.74811 3.74811 3.74811 3.74811 3.87692 3.87692 3.87692 3.87692 3.87692 3.87692 3.87692 3.87692 3.87692 3.87692 3.87692 3.87692 3.98368 3.98368 4.10628 4.10628 4.10628 4.22323 4.22323 4.22323 4.22323 4.32115 4.32115 4.32115 4.40541 4.40541 4.40541 4.40541 4.40541 4.40541 4.40541 4.40541 4.40541 4.40541 4.40541 4.40541 4.40541 4.40541 4.40541 4.40541 4.40541 4.40541 4.40541 4.40541 4.40541 4.40541 4.40541 4.40541 4.40541 4.40541 4.40541 4.40541 4.40541 4.4865 4.4865 4.4865 4.4865 4.4865 4.4865 4.4865 4.4865 4.58588 4.58588 4.58588 4.58588 4.69349 4.69349 4.69349 4.69349 4.78768 4.78768 4.78768 4.78768 4.78768 4.78768 4.78768 4.78768 4.78768 4.88251 4.88251 4.88251 4.88251 4.88251 4.88251 4.88251 4.88251 4.88251 4.88251 4.88251 4.88251 4.96876 4.96876 4.96876 4.96876 4.96876 4.96876 4.96876 4.96876 4.96876 4.96876 4.96876 5.06549 5.06549 5.15733 5.15733 5.15733 5.15733 5.15733 5.15733 5.15733 5.15733 5.15733 5.15733 5.15733 5.15733 5.15733 5.15733 5.15733 5.15733 5.15733 5.15733 5.15733 5.15733 5.15733 5.15733 5.25203 5.25203 5.25203 5.25203 5.25203 5.25203 5.25203 5.25203 5.25203 5.25203 5.25203 5.25203 5.25203 5.30481 5.30481 5.30481 5.30481 5.30481 5.30481 5.30481 5.30481 5.30481 5.30481 5.39408 5.39408 5.39408 5.39408 5.39408 5.39408 5.48395 5.48395 5.48395 5.48395 5.48395 5.48395 5.48395 5.48395 5.48395 5.48395 5.48395 5.48395 5.48395 5.48395 5.48395 5.48395 5.48395 5.48395 5.48395 5.48395 5.48395 5.48395 5.48395 5.48395 5.48395 5.48395 5.48395 5.48395 5.48395 5.48395 5.48395 5.48395 5.48395 5.48395 5.48395 5.48395 5.48395 5.48395 5.48395 5.48395 5.48395 5.57169 5.57169 5.57169 5.57169 5.57169 5.57169 5.57169 5.57169 5.57169 5.57169 5.57169 5.57169 5.65501 5.65501 5.65501 5.73639 5.73639 5.82198 5.82198 5.82198 5.82198 5.82198 5.82198 5.82198 5.82198 5.82198 5.82198 5.82198 5.82198 5.82198 5.82198 5.82198 5.82198 5.82198 5.82198 5.82198 5.82198 5.82198 5.82198 5.82198 5.82198 5.82198 5.82198 5.82198 5.82198 5.82198 5.82198 5.88531 5.88531 5.88531 5.88531 5.88531 5.96796 5.96796 5.96796 5.96796 5.96796 5.96796 5.96796 5.96796 5.96796 5.96796 6.02933 6.02933 6.02933 6.02933 6.02933 6.02933 6.02933 6.02933 6.02933 6.02933 6.02933 6.02933 6.02933 6.02933 6.02933 6.02933 6.02933 6.02933 6.02933 6.02933 6.02933 6.02933 6.02933 6.02933 6.02933 6.02933 6.02933 6.02933 6.02933 6.02933 6.02933 6.02933 6.02933 6.02933 6.02933 6.08837 
6.08837 
6.08837 
6.08837 
6.08837 
6.08837 
6.08837 
6.08837 
6.08837 
6.08837 
1 1 1.36685 1.36685 1.65488 1.65488 1.92934 1.92934 1.92934 1.92934 2.11969 2.11969 2.11969 2.34089 2.34089 2.34089 2.34089 2.34089 2.34089 2.34089 2.53868 2.53868 2.53868 2.53868 2.53868 2.70646 2.70646 2.70646 2.85983 2.85983 3.01388 3.01388 3.01388 3.01388 3.01388 3.01388 3.01388 3.01388 3.01388 3.01388 3.01388 3.01388 3.01388 3.01388 3.01388 3.01388 3.01388 3.01388 3.01388 3.01388 3.01388 3.01388 3.01388 3.01388 3.01388 3.01388 3.01388 3.01388 3.1734 3.1734 3.1734 3.27983 3.27983 3.27983 3.27983 3.27983 3.27983 3.4268 3.4268 3.56167 3.56167 3.56167 3.56167 3.56167 3.56167 3.56167 3.56167 3.56167 3.56167 3.56167 3.56167 3.56167 3.56167 3.56167 3.67 3.67 3.67 3.67 3.79952 3.79952 3.79952 3.79952 3.79952 3.92709 3.92709 3.92709 3.92709 3.92709 3.92709 4.03906 4.03906 4.14787 4.14787 4.14787 4.14787 4.14787 4.14787 4.14787 4.14787 4.25523 4.25523 4.25523 4.25523 4.25523 4.25523 4.36177 4.36177 4.36177 4.36177 4.36177 4.36177 4.36177 4.36177 4.36177 4.36177 4.36177 4.36177 4.36177 4.36177 4.36177 4.46922 4.46922 4.46922 4.5771 4.5771 4.5771 4.5771 4.5771 4.5771 4.5771 4.5771 4.5771 4.5771 4.5771 4.5771 4.5771 4.5771 4.67381 4.67381 4.67381 4.67381 4.67381 4.67381 4.67381 4.67381 4.67381 4.67381 4.67381 4.67381 4.75174 4.75174 4.75174 4.75174 4.75174 4.75174 4.75174 4.75174 4.75174 4.75174 4.75174 4.75174 4.75174 4.75174 4.75174 4.75174 4.75174 4.75174 4.75174 4.75174 4.75174 4.75174 4.75174 4.75174 4.75174 4.75174 4.75174 4.75174 4.75174 4.75174 4.75174 4.75174 4.75174 4.75174 4.75174 4.75174 4.75174 4.75174 4.75174 4.75174 4.75174 4.75174 4.75174 4.75174 4.75174 4.75174 4.75174 4.75174 4.75174 4.75174 4.75174 4.75174 4.75174 4.75174 4.75174 4.75174 4.75174 4.75174 4.75174 4.75174 4.75174 4.75174 4.75174 4.75174 4.75174 4.75174 4.75174 4.75174 4.75174 4.75174 4.75174 4.75174 4.75174 4.75174 4.75174 4.75174 4.75174 4.75174 4.8423 4.8423 4.8423 4.8423 4.8423 4.8423 4.94103 4.94103 4.94103 4.94103 4.94103 5.03769 5.03769 5.03769 5.03769 5.03769 5.03769 5.03769 5.03769 5.03769 5.03769 5.03769 5.13505 5.13505 5.13505 5.13505 5.21816 5.21816 5.21816 5.21816 5.21816 5.21816 5.21816 5.21816 5.21816 5.21816 5.21816 5.21816 5.21816 5.21816 5.21816 5.21816 5.21816 5.21816 5.21816 5.21816 5.31021 5.31021 5.31021 5.31021 5.31021 5.31021 5.31021 5.31021 5.31021 5.31021 5.31021 5.31021 5.31021 5.31021 5.31021 5.31021 5.31021 5.31021 5.31021 5.31021 5.31021 5.31021 5.31021 5.40216 5.40216 5.40216 5.40216 5.40216 5.40216 5.40216 5.40216 5.40216 5.40216 5.40216 5.40216 5.40216 5.40216 5.48029 5.48029 5.48029 5.48029 5.48029 5.48029 5.48029 5.48029 5.48029 5.48029 5.48029 5.48029 5.48029 5.48029 5.48029 5.48029 5.48029 5.48029 5.48029 5.48029 5.48029 5.48029 5.48029 5.48029 5.48029 5.48029 5.48029 5.48029 5.48029 5.48029 5.48029 5.48029 5.48029 5.52162 5.52162 5.52162 5.52162 5.52162 5.52162 5.52162 5.52162 5.52162 5.52162 5.52162 5.60263 5.60263 5.60263 5.60263 5.60263 5.60263 5.60263 5.60263 5.60263 5.60263 5.60263 5.60263 5.60263 5.60263 5.60263 5.60263 5.60263 5.60263 5.60263 5.60263 5.60263 5.60263 5.60263 5.60263 5.60263 5.6868 5.6868 5.6868 5.6868 5.6868 5.75495 5.75495 5.75495 5.75495 5.75495 5.75495 5.75495 5.75495 5.75495 5.75495 5.75495 5.75495 5.75495 5.75495 5.84035 5.84035 5.84035 5.84035 5.84035 5.84035 5.84035 5.84035 5.92302 5.92302 5.92302 5.92302 5.92302 5.92302 5.99279 5.99279 5.99279 5.99279 5.99279 5.99279 5.99279 5.99279 5.99279 5.99279 5.99279 5.99279 5.99279 6.07454 
6.07454 
6.07454 
1 1 1 1 1 1 1 1.37596 1.37596 1.37596 1.37596 1.69701 1.69701 1.94851 1.94851 1.94851 1.94851 2.13129 2.13129 2.13129 2.13129 2.13129 2.13129 2.13129 2.13129 2.13129 2.34519 2.34519 2.53743 2.53743 2.72391 2.72391 2.72391 2.72391 2.72391 2.89255 2.89255 3.05938 3.05938 3.16037 3.16037 3.16037 3.16037 3.16037 3.30506 3.30506 3.40933 3.54744 3.54744 3.54744 3.54744 3.68455 3.68455 3.68455 3.68455 3.68455 3.68455 3.68455 3.68455 3.68455 3.68455 3.68455 3.68455 3.68455 3.68455 3.81057 3.81057 3.81057 3.93943 3.93943 3.93943 4.03565 4.03565 4.03565 4.03565 4.03565 4.03565 4.14257 4.24446 4.24446 4.24446 4.24446 4.24446 4.24446 4.24446 4.24446 4.24446 4.24446 4.24446 4.24446 4.24446 4.24446 4.24446 4.35897 4.35897 4.35897 4.35897 4.35897 4.35897 4.35897 4.35897 4.35897 4.35897 4.35897 4.35897 4.35897 4.35897 4.46841 4.46841 4.46841 4.46841 4.46841 4.46841 4.46841 4.46841 4.46841 4.46841 4.46841 4.46841 4.46841 4.46841 4.46841 4.46841 4.46841 4.46841 4.46841 4.46841 4.55832 4.55832 4.55832 4.55832 4.55832 4.55832 4.55832 4.55832 4.55832 4.55832 4.55832 4.55832 4.55832 4.55832 4.55832 4.55832 4.55832 4.55832 4.55832 4.55832 4.55832 4.55832 4.55832 4.55832 4.55832 4.66641 4.66641 4.66641 4.66641 4.66641 4.66641 4.7451 4.7451 4.7451 4.7451 4.7451 4.7451 4.7451 4.7451 4.7451 4.7451 4.7451 4.7451 4.7451 4.84403 4.84403 4.94434 4.94434 4.94434 5.0438 5.0438 5.0438 5.0438 5.12145 5.12145 5.12145 5.12145 5.12145 5.12145 5.12145 5.12145 5.12145 5.12145 5.12145 5.12145 5.12145 5.12145 5.12145 5.12145 5.12145 5.12145 5.12145 5.12145 5.12145 5.12145 5.12145 5.12145 5.12145 5.12145 5.12145 5.12145 5.12145 5.12145 5.12145 5.12145 5.12145 5.12145 5.12145 5.12145 5.12145 5.19947 5.19947 5.19947 5.19947 5.19947 5.19947 5.19947 5.19947 5.19947 5.19947 5.19947 5.19947 5.19947 5.19947 5.19947 5.19947 5.19947 5.28387 5.28387 5.28387 5.28387 5.28387 5.28387 5.28387 5.28387 5.28387 5.28387 5.28387 5.28387 5.28387 5.28387 5.28387 5.28387 5.28387 5.28387 5.28387 5.28387 5.28387 5.28387 5.28387 5.28387 5.28387 5.37189 5.37189 5.37189 5.46212 5.46212 5.46212 5.46212 5.46212 5.46212 5.46212 5.46212 5.46212 5.46212 5.46212 5.46212 5.46212 5.46212 5.46212 5.46212 5.54164 5.54164 5.54164 5.54164 5.60475 5.60475 5.60475 5.60475 5.60475 5.60475 5.60475 5.60475 5.60475 5.60475 5.60475 5.60475 5.60475 5.66745 5.66745 5.66745 5.66745 5.66745 5.66745 5.66745 5.66745 5.66745 5.66745 5.66745 5.66745 5.66745 5.66745 5.66745 5.66745 5.66745 5.66745 5.66745 5.66745 5.66745 5.66745 5.66745 5.66745 5.66745 5.66745 5.66745 5.66745 5.66745 5.66745 5.66745 5.74523 5.74523 5.74523 5.74523 5.74523 5.74523 5.74523 5.74523 5.74523 5.74523 5.74523 5.74523 5.74523 5.74523 5.74523 5.74523 5.74523 5.74523 5.74523 5.74523 5.74523 5.74523 5.74523 5.74523 5.74523 5.74523 5.74523 5.74523 5.74523 5.74523 5.74523 5.74523 5.74523 5.74523 5.74523 5.74523 5.74523 5.80572 5.80572 5.80572 5.80572 5.80572 5.80572 5.80572 5.80572 5.88664 5.88664 5.88664 5.88664 5.88664 5.88664 5.88664 5.88664 5.88664 5.88664 5.88664 5.88664 5.88664 5.88664 5.88664 5.88664 5.88664 5.88664 5.88664 5.88664 5.88664 5.88664 5.88664 5.88664 5.88664 5.88664 5.88664 5.88664 5.88664 5.88664 5.88664 5.88664 5.88664 5.88664 5.88664 5.88664 5.88664 5.88664 5.88664 5.88664 5.96652 5.96652 5.96652 5.96652 5.96652 5.96652 5.96652 5.96652 5.96652 5.96652 5.96652 5.96652 5.96652 5.96652 5.96652 5.96652 5.96652 5.96652 5.96652 5.96652 5.96652 5.96652 5.96652 5.96652 5.96652 5.96652 5.96652 5.96652 5.96652 5.96652 5.96652 5.96652 5.96652 5.96652 5.96652 6.04244 
6.04244 
6.04244 
6.04244 
6.04244 
6.04244 
6.04244 
6.04244 
6.04244 
6.04244 
1 1 1.35291 1.35291 1.68028 1.68028 1.68028 1.8891 1.8891 1.8891 1.8891 1.8891 1.8891 2.13154 2.34782 2.34782 2.34782 2.34782 2.34782 2.55169 2.55169 2.7295 2.7295 2.7295 2.7295 2.89226 2.89226 2.89226 3.05284 3.05284 3.05284 3.20553 3.20553 3.20553 3.20553 3.20553 3.20553 3.20553 3.20553 3.34252 3.48556 3.48556 3.48556 3.61807 3.75065 3.75065 3.87934 3.87934 3.99321 3.99321 3.99321 4.11506 4.20055 4.20055 4.20055 4.31764 4.31764 4.31764 4.31764 4.31764 4.31764 4.31764 4.43021 4.43021 4.54026 4.6397 4.71978 4.71978 4.71978 4.71978 4.71978 4.71978 4.81122 4.81122 4.81122 4.81122 4.81122 4.81122 4.81122 4.81122 4.81122 4.81122 4.81122 4.81122 4.81122 4.81122 4.81122 4.81122 4.81122 4.81122 4.81122 4.81122 4.9013 4.9013 4.9013 4.9013 5.00113 5.00113 5.00113 5.00113 5.00113 5.00113 5.0791 5.0791 5.0791 5.0791 5.0791 5.0791 5.0791 5.0791 5.0791 5.0791 5.0791 5.0791 5.0791 5.0791 5.17326 5.17326 5.17326 5.2313 5.2313 5.2313 5.30586 5.30586 5.30586 5.39309 5.39309 5.39309 5.46937 5.46937 5.55017 5.55017 5.55017 5.55017 5.55017 5.55017 5.55017 5.55017 5.63361 5.63361 5.63361 5.63361 5.63361 5.63361 5.63361 5.63361 5.72065 5.72065 5.72065 5.72065 5.72065 5.72065 5.72065 5.72065 5.72065 5.72065 5.72065 5.72065 5.72065 5.72065 5.72065 5.72065 5.72065 5.72065 5.72065 5.72065 5.78778 5.78778 5.78778 5.78778 5.78778 5.78778 5.78778 5.78778 5.78778 5.78778 5.78778 5.78778 5.78778 5.78778 5.78778 5.78778 5.78778 5.78778 5.78778 5.86156 5.86156 5.86156 5.92765 5.92765 5.92765 5.92765 5.92765 5.92765 5.92765 5.92765 5.92765 5.92765 5.92765 5.92765 5.92765 5.9757 5.9757 6.05691 
6.05691 
6.05691 
6.05691 
6.05691 
6.05691 
6.05691 
6.05691 
6.05691 
6.05691 
6.05691 
6.05691 
6.05691 
6.05691 
6.05691 
6.05691 
6.05691 
6.05691 
6.05691 
6.05691 
6.05691 
6.05691 
6.05691 
6.05691 
6.05691 
6.05691 
6.05691 
6.05691 
6.05691 
6.05691 
6.05691 
6.05691 
6.05691 
6.05691 
6.05691 
6.05691 
6.05691 
6.05691 
6.05691 
6.05691 
6.05691 
6.05691 
6.05691 
6.05691 
6.05691 
6.05691 
6.05691 
6.05691 
6.05691 
6.05691 
6.05691 
6.05691 
6.05691 
6.05691 
6.05691 
6.05691 
6.05691 
1 1.39702 1.39702 1.71373 1.71373 1.95809 2.19798 2.19798 2.19798 2.19798 2.19798 2.40884 2.60801 2.79089 2.79089 2.79089 2.79089 2.79089 2.79089 2.79089 2.79089 2.95117 2.95117 2.95117 2.95117 2.95117 2.95117 2.95117 2.95117 3.10428 3.10428 3.10428 3.10428 3.10428 3.25304 3.25304 3.25304 3.25304 3.25304 3.40241 3.40241 3.49864 3.63169 3.76245 3.76245 3.82337 3.82337 3.9419 3.9419 3.9419 3.9419 4.06444 4.06444 4.06444 4.06444 4.06444 4.06444 4.06444 4.06444 4.17812 4.17812 4.28621 4.39008 4.39008 4.39008 4.39008 4.39008 4.39008 4.39008 4.39008 4.39008 4.39008 4.39008 4.39008 4.48794 4.48794 4.48794 4.48794 4.48794 4.48794 4.48794 4.48794 4.59157 4.59157 4.59157 4.59157 4.59157 4.59157 4.59157 4.59157 4.59157 4.59157 4.59157 4.59157 4.59157 4.59157 4.59157 4.59157 4.59157 4.59157 4.59157 4.59157 4.59157 4.59157 4.59157 4.59157 4.59157 4.59157 4.59157 4.59157 4.59157 4.59157 4.59157 4.59157 4.59157 4.59157 4.59157 4.59157 4.59157 4.59157 4.59157 4.59157 4.6971 4.6971 4.6971 4.6971 4.6971 4.6971 4.6971 4.6971 4.6971 4.6971 4.6971 4.6971 4.6971 4.79138 4.87151 4.87151 4.87151 4.87151 4.87151 4.87151 4.87151 4.87151 4.87151 4.87151 4.87151 4.87151 4.87151 4.96678 4.96678 4.96678 4.96678 4.96678 4.96678 4.96678 4.96678 4.96678 4.96678 4.96678 4.96678 4.96678 4.96678 4.96678 4.96678 4.96678 4.96678 4.96678 4.96678 4.96678 4.96678 4.96678 4.96678 4.96678 5.0657 5.0657 5.0657 5.0657 5.0657 5.0657 5.0657 5.0657 5.0657 5.0657 5.0657 5.0657 5.0657 5.0657 5.0657 5.0657 5.0657 5.0657 5.0657 5.12329 5.12329 5.12329 5.12329 5.21625 5.21625 5.21625 5.21625 5.21625 5.21625 5.21625 5.21625 5.21625 5.21625 5.21625 5.21625 5.21625 5.21625 5.21625 5.21625 5.21625 5.21625 5.21625 5.21625 5.21625 5.21625 5.21625 5.21625 5.21625 5.21625 5.21625 5.21625 5.21625 5.21625 5.21625 5.21625 5.21625 5.30945 5.30945 5.30945 5.30945 5.30945 5.30945 5.30945 5.30945 5.30945 5.30945 5.30945 5.30945 5.30945 5.30945 5.30945 5.40135 5.40135 5.40135 5.40135 5.40135 5.40135 5.40135 5.40135 5.40135 5.40135 5.40135 5.40135 5.40135 5.40135 5.40135 5.40135 5.47365 5.47365 5.47365 5.47365 5.47365 5.47365 5.47365 5.47365 5.47365 5.47365 5.47365 5.47365 5.47365 5.47365 5.47365 5.47365 5.47365 5.56206 5.65056 5.65056 5.65056 5.65056 5.65056 5.65056 5.65056 5.65056 5.65056 5.65056 5.65056 5.65056 5.65056 5.65056 5.65056 5.65056 5.65056 5.65056 5.65056 5.65056 5.65056 5.65056 5.65056 5.65056 5.65056 5.65056 5.65056 5.65056 5.65056 5.65056 5.65056 5.68387 5.68387 5.68387 5.68387 5.68387 5.68387 5.68387 5.68387 5.76707 5.76707 5.84916 5.84916 5.84916 5.90799 5.90799 5.90799 5.90799 5.90799 5.90799 5.90799 5.90799 5.90799 5.90799 5.90799 5.90799 5.90799 5.90799 5.90799 5.90799 5.90799 5.90799 5.90799 5.90799 5.90799 5.90799 5.90799 5.90799 5.90799 5.90799 5.90799 5.90799 5.90799 5.90799 5.90799 5.90799 5.90799 5.90799 5.90799 5.90799 5.98399 5.98399 5.98399 5.98399 5.98399 5.98399 5.98399 6.06657 
6.06657 
6.06657 
6.06657 
6.06657 
6.06657 
6.06657 
6.06657 
1 1 1.40115 1.70804 1.95977 1.95977 1.95977 2.1996 2.41405 2.58443 2.58443 2.58443 2.58443 2.73437 2.73437 2.73437 2.73437 2.73437 2.88956 3.02997 3.02997 3.02997 3.02997 3.02997 3.02997 3.1904 3.1904 3.1904 3.1904 3.1904 3.1904 3.1904 3.1904 3.1904 3.34003 3.34003 3.46621 3.46621 3.46621 3.59386 3.72256 3.72256 3.72256 3.72256 3.72256 3.72256 3.72256 3.72256 3.83638 3.83638 3.83638 3.96307 4.07904 4.19025 4.19025 4.19025 4.19025 4.19025 4.19025 4.19025 4.19025 4.30666 4.30666 4.41731 4.41731 4.41731 4.41731 4.41731 4.41731 4.41731 4.41731 4.41731 4.41731 4.41731 4.41731 4.41731 4.41731 4.41731 4.41731 4.5258 4.5258 4.5258 4.5258 4.56796 4.56796 4.56796 4.56796 4.66702 4.66702 4.66702 4.75578 4.75578 4.75578 4.75578 4.75578 4.75578 4.75578 4.75578 4.75578 4.85436 4.85436 4.85436 4.85436 4.92095 4.92095 4.92095 4.92095 4.92095 4.92095 4.92095 4.92095 4.92095 4.92095 4.92095 4.92095 4.92095 4.92095 4.92095 4.92095 4.92095 4.92095 4.92095 4.92095 4.92095 4.92095 5.0209 5.0209 5.0209 5.0209 5.0209 5.0209 5.0209 5.0209 5.0209 5.0209 5.0209 5.0209 5.0209 5.0209 5.0209 5.0209 5.11605 5.11605 5.11605 5.11605 5.11605 5.11605 5.189 5.189 5.26672 5.26672 5.33547 5.33547 5.33547 5.33547 5.33547 5.33547 5.33547 5.33547 5.33547 5.33547 5.33547 5.33547 5.33547 5.33547 5.33547 5.33547 5.33547 5.33547 5.33547 5.33547 5.33547 5.33547 5.33547 5.33547 5.33547 5.33547 5.33547 5.33547 5.33547 5.33547 5.33547 5.33547 5.33547 5.33547 5.33547 5.33547 5.33547 5.33547 5.33547 5.33547 5.33547 5.33547 5.33547 5.33547 5.33547 5.42123 5.42123 5.42123 5.42123 5.42123 5.42123 5.42123 5.42123 5.42123 5.42123 5.42123 5.42123 5.51266 5.51266 5.51266 5.51266 5.51266 5.51266 5.51266 5.51266 5.51266 5.51266 5.58667 5.58667 5.58667 5.58667 5.58667 5.58667 5.58667 5.58667 5.58667 5.58667 5.58667 5.58667 5.66504 5.66504 5.66504 5.66504 5.66504 5.66504 5.66504 5.66504 5.66504 5.66504 5.66504 5.66504 5.66504 5.66504 5.66504 5.66504 5.66504 5.74493 5.74493 5.74493 5.74493 5.74493 5.74493 5.74493 5.74493 5.74493 5.74493 5.74493 5.74493 5.74493 5.74493 5.82486 5.82486 5.82486 5.82486 5.82486 5.82486 5.82486 5.82486 5.82486 5.82486 5.82486 5.82486 5.82486 5.82486 5.82486 5.82486 5.82486 5.82486 5.89753 5.89753 5.89753 5.89753 5.89753 5.89753 5.96216 5.96216 5.96216 5.96216 6.02347 
6.02347 
6.02347 
6.02347 
6.02347 
6.02347 
6.02347 
6.02347 
6.02347 
6.02347 
6.02347 
6.02347 
6.02347 
6.02347 
6.02347 
6.02347 
6.02347 
6.02347 
6.02347 
6.02347 
6.02347 
6.02347 
6.02347 
6.02347 
6.02347 
6.02347 
6.02347 
6.02347 
6.02347 
6.02347 
6.02347 
6.02347 
6.02347 
6.02347 
1 1.39093 1.39093 1.39093 1.39093 1.39093 1.71133 1.71133 1.97282 2.18745 2.18745 2.18745 2.18745 2.39644 2.58534 2.58534 2.58534 2.76784 2.93612 2.93612 2.93612 2.93612 2.93612 2.93612 2.93612 2.93612 3.08816 3.23811 3.35785 3.35785 3.35785 3.50176 3.50176 3.60602 3.60602 3.60602 3.73691 3.86309 3.86309 3.86309 3.86309 3.86309 3.86309 3.86309 3.86309 3.86309 3.86309 3.86309 3.86309 3.97128 3.97128 3.97128 3.97128 4.08949 4.08949 4.19209 4.19209 4.19209 4.19209 4.19209 4.19209 4.19209 4.19209 4.28986 4.28986 4.28986 4.28986 4.40062 4.40062 4.40062 4.40062 4.40062 4.40062 4.40062 4.40062 4.40062 4.40062 4.40062 4.50312 4.61056 4.61056 4.61056 4.61056 4.61056 4.61056 4.61056 4.61056 4.61056 4.61056 4.61056 4.61056 4.61056 4.61056 4.61056 4.69983 4.69983 4.69983 4.69983 4.69983 4.69983 4.77911 4.84477 4.84477 4.84477 4.84477 4.84477 4.84477 4.84477 4.84477 4.84477 4.84477 4.93418 4.93418 4.9927 4.9927 4.9927 4.9927 4.9927 4.9927 4.9927 4.9927 4.9927 4.9927 4.9927 4.9927 5.0875 5.0875 5.0875 5.0875 5.0875 5.0875 5.17553 5.17553 5.17553 5.17553 5.17553 5.17553 5.17553 5.17553 5.17553 5.17553 5.17553 5.17553 5.17553 5.17553 5.17553 5.17553 5.17553 5.17553 5.17553 5.17553 5.17553 5.17553 5.17553 5.17553 5.17553 5.17553 5.17553 5.17553 5.17553 5.17553 5.17553 5.17553 5.17553 5.17553 5.17553 5.17553 5.26087 5.26087 5.341 5.341 5.341 5.341 5.341 5.341 5.341 5.341 5.341 5.41677 5.41677 5.41677 5.5042 5.5042 5.5042 5.5042 5.5925 5.5925 5.5925 5.67145 5.67145 5.67145 5.75079 5.75079 5.75079 5.82551 5.82551 5.82551 5.82551 5.82551 5.82551 5.82551 5.82551 5.82551 5.82551 5.82551 5.82551 5.82551 5.90585 5.90585 5.90585 5.90585 5.90585 5.90585 5.90585 5.90585 5.90585 5.90585 5.90585 5.90585 5.90585 5.90585 5.90585 5.90585 5.90585 5.90585 5.90585 5.90585 5.90585 5.90585 5.90585 5.90585 5.90585 5.97889 5.97889 5.97889 5.97889 5.97889 5.97889 5.97889 5.97889 5.97889 5.97889 5.97889 6.03816 
6.03816 
6.03816 
6.03816 
6.03816 
6.03816 
6.03816 
6.03816 
6.03816 
6.03816 
6.03816 
6.03816 
6.03816 
1 1 1.39671 1.39671 1.71448 1.71448 1.71448 1.71448 1.71448 1.71448 1.93436 2.16593 2.16593 2.38501 2.56778 2.70638 2.85013 2.85013 2.85013 2.85013 2.85013 2.85013 3.00062 3.00062 3.00062 3.00062 3.00062 3.00062 3.00062 3.00062 3.00062 3.00062 3.00062 3.00062 3.00062 3.00062 3.00062 3.12842 3.12842 3.12842 3.12842 3.27862 3.27862 3.27862 3.27862 3.42386 3.42386 3.42386 3.42386 3.42386 3.50914 3.62465 3.62465 3.62465 3.62465 3.62465 3.62465 3.62465 3.62465 3.62465 3.62465 3.62465 3.62465 3.62465 3.62465 3.62465 3.72947 3.8582 3.8582 3.8582 3.8582 3.97666 3.97666 3.97666 3.97666 3.97666 3.97666 3.97666 3.97666 3.97666 4.08759 4.19078 4.19078 4.19078 4.19078 4.19078 4.19078 4.19078 4.19078 4.19078 4.19078 4.19078 4.2744 4.2744 4.2744 4.2744 4.2744 4.2744 4.38067 4.38067 4.38067 4.38067 4.4812 4.4812 4.4812 4.58806 4.58806 4.58806 4.58806 4.58806 4.58806 4.58806 4.58806 4.58806 4.58806 4.67765 4.7797 4.7797 4.7797 4.7797 4.7797 4.86366 4.86366 4.86366 4.86366 4.86366 4.86366 4.86366 4.86366 4.86366 4.86366 4.95703 4.95703 4.95703 4.95703 5.04312 5.13473 5.229 5.229 5.229 5.31783 5.31783 5.31783 5.31783 5.31783 5.31783 5.31783 5.31783 5.31783 5.31783 5.31783 5.31783 5.39711 5.39711 5.39711 5.48182 5.48182 5.48182 5.48182 5.56594 5.56594 5.56594 5.56594 5.56594 5.56594 5.63816 5.63816 5.63816 5.63816 5.63816 5.63816 5.63816 5.63816 5.63816 5.63816 5.63816 5.63816 5.63816 5.63816 5.63816 5.71414 5.71414 5.71414 5.71414 5.71414 5.71414 5.71414 5.71414 5.79444 5.79444 5.79444 5.87609 5.87609 5.87609 5.87609 5.87609 5.87609 5.87609 5.87609 5.87609 5.87609 5.87609 5.87609 5.87609 5.87609 5.87609 5.87609 5.87609 5.87609 5.87609 5.87609 5.87609 5.87609 5.87609 5.87609 5.87609 5.87609 5.95891 5.95891 5.95891 5.95891 5.95891 6.04207 
6.04207 
6.04207 
6.04207 
6.04207 
6.04207 
6.04207 
6.04207 
6.04207 
6.04207 
6.04207 
6.04207 
6.04207 
6.04207 
6.04207 
6.04207 
6.04207 
6.04207 
6.04207 
6.04207 
6.04207 
6.04207 
6.04207 
6.04207 
6.04207 
6.04207 
6.04207 
6.04207 
6.04207 
6.04207 
6.04207 
6.04207 
6.04207 
6.04207 
6.04207 
1 1 1 1.40115 1.40115 1.40115 1.40115 1.40115 1.40115 1.40115 1.40115 1.40115 1.40115 1.40115 1.40115 1.69547 1.69547 1.69547 1.94772 2.18374 2.18374 2.38521 2.38521 2.38521 2.57782 2.57782 2.57782 2.57782 2.57782 2.74181 2.74181 2.74181 2.74181 2.74181 2.74181 2.9167 2.9167 3.07912 3.07912 3.07912 3.07912 3.07912 3.07912 3.07912 3.07912 3.21519 3.21519 3.21519 3.21519 3.21519 3.21519 3.21519 3.21519 3.21519 3.21519 3.35578 3.35578 3.47095 3.47095 3.47095 3.47095 3.60857 3.73246 3.73246 3.73246 3.8626 3.98879 3.98879 4.0994 4.20112 4.20112 4.20112 4.20112 4.20112 4.20112 4.20112 4.20112 4.20112 4.20112 4.20112 4.20112 4.20112 4.20112 4.20112 4.20112 4.20112 4.20112 4.20112 4.31228 4.31228 4.40338 4.40338 4.40338 4.40338 4.4784 4.4784 4.57539 4.57539 4.67991 4.67991 4.67991 4.67991 4.67991 4.67991 4.77917 4.77917 4.77917 4.77917 4.86158 4.86158 4.95019 4.95019 4.95019 4.95019 4.95019 4.95019 4.95019 4.99842 4.99842 4.998