0.25 0.176473
0.333333 0.167411
0.25 0.360692
0.25 0.355505
0.25 0.359291
0.0833333 0.304652
0.25 0.163492
0.0833333 0.170349
0.166667 0.178733
0.25 0.233485
0.0833333 0.151772
0.166667 0.314437
0.0833333 0.207933
0.166667 0.163614
0.166667 0.232208
0.25 0.209552
0.25 0.168234
0.166667 0.312417
0.0833333 0.47171
0.166667 0.339063
0 0.153121
0.0833333 0.226117
0.0833333 0.270469
0.166667 0.155985
0.0833333 0.181335
0 0.157889
0 0.169244
0.0833333 0.5
0.166667 0.295502
0.25 0.154802
0.166667 0.152636
0.333333 0.191248
0.25 0.156227
0.25 0.206477
0.0833333 0.251534
0.0833333 0.229167
0.0833333 0.201897
0 0.320229
0.166667 0.190324
0.0833333 0.244669
0 0.185298
0.0833333 0.407261
0.0833333 0.182664
0.0833333 0.227889
0.0833333 0.159684
0.166667 0.181597
0.166667 0.247375
0.0833333 0.246672
0.0833333 0.15901
0 0.176752
0 0.151015
0.166667 0.172699
0.0833333 0.175587
0.0833333 0.172499
0.25 0.5
0.166667 0.166797
0.166667 0.168413
0.166667 0.238624
0.166667 0.33157
0.25 0.212485
0.166667 0.494728
0.25 0.345513
0.25 0.209089
0 0.173653
0.0833333 0.15475
0.0833333 0.184901
0 0.206138
0.0833333 0.158997
0.0833333 0.186859
0.166667 0.185361
0.333333 0.362943
0.0833333 0.156415
0.166667 0.223222
0 0.181243
0 0.176498
0.166667 0.197407
0.166667 0.172995
0.0833333 0.168433
0 0.191913
0 0.294725
0 0.184512
0.0833333 0.174573
0 0.196929
0.166667 0.274857
0.166667 0.235129
0.0833333 0.197099
0.166667 0.171252
0.25 0.286089
0.0833333 0.219262
0.166667 0.5
0.25 0.449399
0.25 0.177543
0.25 0.153836
0.0833333 0.270776
0.0833333 0.24662
0 0.150839
0.166667 0.168682
0 0.170814
0 0.151978
0.166667 0.185422
0.0833333 0.181241
0.0833333 0.183452
0.0833333 0.269712
0 0.152616
0.0833333 0.200037
0.25 0.179455
0.0833333 0.378782
0.25 0.252997
0.0833333 0.21051
0 0.196567
0.0833333 0.26445
0 0.169852
0 0.346795
0 0.260199
0.0833333 0.167213
0.166667 0.262573
0.0833333 0.19776
0.0833333 0.156335
0.25 0.29623
0.0833333 0.342446
0.25 0.174162
0.333333 0.173207
0.166667 0.184968
0 0.158926
0 0.228297
0 0.166299
0 0.189871
0 0.218865
0.166667 0.401135
0.166667 0.173665
0.166667 0.193576
0.166667 0.336822
0 0.220905
0.25 0.205325
0.0833333 0.5
0.166667 0.393725
0.25 0.414127
0.166667 0.5
0.166667 0.270231
0.0833333 0.172627
0.166667 0.210781
0.0833333 0.253528
0.25 0.266649
0.166667 0.356719
0.0833333 0.256582
0.25 0.5
0.166667 0.276239
0.166667 0.16597
0.0833333 0.325472
0.0833333 0.161371
0.0833333 0.163181
0.0833333 0.431602
0.0833333 0.156189
0.25 0.346423
0 0.158797
0.166667 0.15761
0.25 0.160287
0.0833333 0.174188
0.166667 0.159314
0 0.156827
0.25 0.5
0 0.170683
0.0833333 0.160711
0 0.152656
0 0.170954
0.25 0.344345
0.166667 0.25792
0 0.21944
0.333333 0.173364
0.166667 0.160431
0.0833333 0.167787
0.166667 0.166038
0.166667 0.399524
0 0.197552
0.166667 0.230685
0.166667 0.228847
0.0833333 0.168387
0.0833333 0.221698
0 0.154871
0.0833333 0.151242
0.0833333 0.164628
0.25 0.15241
0.0833333 0.235448
0.25 0.37892
0 0.163988
0.166667 0.457923
0.0833333 0.187898
0.166667 0.186591
0 0.251903
0.0833333 0.211215
0.0833333 0.205749
0.0833333 0.223122
0.166667 0.30542
0.0833333 0.18215
0 0.154608
0 0.342135
0.166667 0.158316
0.166667 0.220094
0.0833333 0.161139
0.166667 0.176535
0.0833333 0.167725
0.166667 0.440454
0 0.176316
0.0833333 0.279078
0.166667 0.182689
0.0833333 0.288719
0.333333 0.498936
0 0.161883
0.0833333 0.219722
0 0.157038
0.0833333 0.215689
0.0833333 0.165835
0.0833333 0.294705
0.166667 0.201434
0.25 0.251
0 0.250635
0.0833333 0.16268
0 0.218471
0 0.156468
0.0833333 0.203757
0.0833333 0.157025
0.166667 0.247694
0 0.204668
0.0833333 0.150587
0.0833333 0.262937
0.0833333 0.395914
0.0833333 0.175766
0.0833333 0.20304
0.166667 0.218986
0.25 0.394169
0.0833333 0.209855
0 0.155569
0.0833333 0.150047
0.25 0.351712
0 0.326804
0.166667 0.418733
0.166667 0.272505
0.0833333 0.201345
0.166667 0.161972
0.166667 0.151969
0.166667 0.393225
0.0833333 0.219973
0 0.167326
0.166667 0.176086
0.25 0.161307
0 0.164864
0 0.246084
0 0.224735
0 0.150711
0.166667 0.20152
0 0.189491
0.166667 0.163337
0.25 0.182577
0.0833333 0.202411
0 0.154631
0.25 0.262173
0.166667 0.43076
0.166667 0.268688
0.25 0.207865
0.166667 0.194804
0.166667 0.165322
0.25 0.156743
0.166667 0.173644
0 0.219594
0.333333 0.336802
0.166667 0.17519
0.166667 0.242868
0.166667 0.160384
0.166667 0.209519
0.0833333 0.162462
0.25 0.204365
0.25 0.276616
0.166667 0.188086
0.166667 0.165031
0.25 0.455604
0.25 0.159078
0.0833333 0.161507
0.166667 0.313538
0 0.209178
0.166667 0.150799
0.0833333 0.167475
0 0.210775
0.0833333 0.187165
0 0.305922
0 0.205275
0.166667 0.152517
0.166667 0.203092
0.25 0.48651
0.166667 0.198765
0.25 0.314181
0.25 0.424112
0.0833333 0.195952
0.0833333 0.177096
0 0.197178
0 0.16698
0 0.199192
0 0.152677
0.166667 0.5
0 0.169121
0.0833333 0.184971
0.25 0.159244
0.25 0.34516
0.0833333 0.359902
0 0.164639
0.0833333 0.172563
0.25 0.196159
0.25 0.201226
0 0.154657
0 0.195154
0 0.155535
0.0833333 0.152184
0.0833333 0.296324
0.25 0.158502
0 0.201046
0.0833333 0.215742
0.166667 0.177952
0.166667 0.430061
0 0.169984
0 0.215115
0.166667 0.161451
0.25 0.395915
0.25 0.407127
0.166667 0.163552
0.166667 0.217897
0 0.174145
0 0.213636
0 0.196462
0.0833333 0.150046
0.0833333 0.161882
0.166667 0.177088
0.0833333 0.178998
0.0833333 0.178797
0.0833333 0.202816
0.0833333 0.188261
0.0833333 0.156041
0.25 0.263485
0.25 0.343218
0.0833333 0.342054
0.0833333 0.474563
0.166667 0.219607
0.0833333 0.178377
0.0833333 0.150977
0 0.162915
0.25 0.202882
0 0.228099
0.166667 0.153219
0.0833333 0.154107
0 0.175871
0.0833333 0.156548
0.166667 0.160003
0.166667 0.409054
0.166667 0.272323
0.0833333 0.18282
0 0.155956
0.0833333 0.179615
0.0833333 0.164395
0 0.157949
0.0833333 0.229283
0.166667 0.450276
0 0.234289
0.166667 0.20542
0.166667 0.279982
0.0833333 0.263957
0 0.166106
0.166667 0.162139
0.0833333 0.159262
0.25 0.257839
0.166667 0.369877
0.0833333 0.420997
0 0.152575
0.0833333 0.175554
0 0.16264
0.166667 0.218117
0.25 0.17618
0.0833333 0.158562
0.166667 0.181767
0.0833333 0.200398
0.0833333 0.34986
0.0833333 0.15169
0.0833333 0.249137
0.0833333 0.183677
0.166667 0.150736
0.0833333 0.160196
0.166667 0.168851
0.166667 0.204641
0 0.17743
0.166667 0.425363
0.166667 0.220994
0.0833333 0.18148
0.25 0.404466
0.0833333 0.18427
0.25 0.5
0.0833333 0.228994
0.25 0.17027
0.0833333 0.208379
0.0833333 0.17308
0.25 0.16606
0.166667 0.256179
0.25 0.484434
0.166667 0.213799
0 0.198795
0.166667 0.177222
0.166667 0.409454
0.0833333 0.209224
0.25 0.161987
0.333333 0.452789
0.25 0.2636
0.166667 0.393265
0.166667 0.434622
0.0833333 0.238152
0.0833333 0.152818
0.0833333 0.315844
0.0833333 0.191131
0 0.5
0.0833333 0.253186
0 0.34486
0.25 0.208546
0.0833333 0.217882
0.0833333 0.167353
0.166667 0.150331
0.0833333 0.332342
0.25 0.171434
0 0.229386
0.0833333 0.331034
0 0.169602
0.166667 0.240598
0.0833333 0.204224
0.0833333 0.175835
0.0833333 0.168286
0 0.152697
0.0833333 0.328801
0.0833333 0.180774
0.0833333 0.182063
0 0.157699
0.333333 0.213085
0.166667 0.172983
0.166667 0.165619
0.0833333 0.211543
0.0833333 0.231114
0.25 0.263091
0 0.201755
0.166667 0.158901
0.333333 0.153137
0.166667 0.150939
0.0833333 0.168999
0.25 0.438391
0 0.169891
0.0833333 0.170209
0.166667 0.207409
0.0833333 0.49734
0.0833333 0.189542
0.0833333 0.153099
0 0.187405
0.0833333 0.190107
0 0.17128
0.0833333 0.252853
0 0.195282
0.25 0.23974
0.25 0.161152
0.166667 0.177668
0.0833333 0.169178
0 0.157257
0 0.192968
0.0833333 0.216415
0.25 0.209077
0.0833333 0.235624
0.25 0.313653
0.166667 0.230172
0 0.178876
0.0833333 0.28687
0.166667 0.152127
0.166667 0.15113
0.166667 0.342663
0.166667 0.354699
0.166667 0.383852
0.0833333 0.171024
0.0833333 0.238858
0 0.170481
0 0.156357
0.166667 0.155224
0.25 0.158861
0 0.182536
0.166667 0.428062
0 0.192505
0 0.233859
0 0.167752
0 0.230909
0.166667 0.198219
0.0833333 0.300635
0.166667 0.169493
0 0.214843
0.0833333 0.346982
0.166667 0.16526
0.25 0.208685
0.0833333 0.168582
0.25 0.328685
0.0833333 0.202115
0.0833333 0.159231
0.0833333 0.280042
0 0.19444
0 0.15372
0.25 0.189982
0.166667 0.152555
0.0833333 0.386345
0.0833333 0.272348
0.0833333 0.154862
0.166667 0.295531
0.0833333 0.166349
0.0833333 0.398883
0.0833333 0.250683
0.166667 0.194814
0 0.164481
0.0833333 0.153604
0 0.186605
0 0.262625
0 0.163079
0.166667 0.171102
0.25 0.188503
0.166667 0.167275
0.166667 0.177177
0.25 0.220973
0.25 0.44623
0.25 0.384131
0.333333 0.194958
0.166667 0.291444
0.25 0.307492
0.166667 0.166108
0 0.312421
0.0833333 0.20516
0.166667 0.179245
0.25 0.254544
0.166667 0.281977
0.166667 0.296551
0.0833333 0.31109
0.166667 0.153931
0.166667 0.227499
0.166667 0.182125
0 0.259313
0.0833333 0.158005
0.166667 0.279029
0.25 0.197857
0.166667 0.175984
0.0833333 0.162693
0.166667 0.340466
0.0833333 0.170812
0.166667 0.1892
0.0833333 0.152824
0.0833333 0.163397
0.166667 0.194873
0.166667 0.163241
0.166667 0.154611
0.25 0.155778
0.166667 0.301422
0.0833333 0.180842
0.166667 0.228083
0.166667 0.20569
0.166667 0.205935
0.166667 0.407656
0 0.225084
0.166667 0.187449
0.0833333 0.191563
0 0.174255
0.0833333 0.152717
0.0833333 0.177989
0 0.153141
0.25 0.17647
0 0.205109
0.166667 0.211288
0.166667 0.18327
0.0833333 0.171236
0.0833333 0.185724
0.25 0.152732
0 0.263071
0 0.234265
0.25 0.47302
0.0833333 0.154636
0.25 0.168888
0 0.257285
0.166667 0.164961
0.166667 0.181841
0.166667 0.5
0.166667 0.302497
0.0833333 0.244334
0 0.160255
0.0833333 0.453093
0.166667 0.175353
0.0833333 0.186168
0.0833333 0.177194
0.0833333 0.187396
0.166667 0.219364
0 0.163504
0 0.218067
0 0.166622
0.166667 0.226226
0 0.5
0.166667 0.159194
0.0833333 0.200225
0.166667 0.382574
0 0.170251
0.0833333 0.313095
0.0833333 0.19285
0.0833333 0.287837
0.0833333 0.251436
0.25 0.321361
0 0.234055
0 0.164353
0 0.181046
0.0833333 0.163988
0.166667 0.18773
0.166667 0.165617
0.166667 0.247315
0.166667 0.205807
0.166667 0.165707
0.0833333 0.150311
0.0833333 0.236241
0.166667 0.19463
0.166667 0.389493
0.0833333 0.287525
0.0833333 0.224642
0.0833333 0.171356
0.0833333 0.217551
0 0.15465
0.0833333 0.152415
0.0833333 0.322109
0.166667 0.153139
0.0833333 0.214258
0.166667 0.224084
0.0833333 0.249453
0 0.172456
0.0833333 0.21641
0.0833333 0.302791
0.166667 0.195953
0.333333 0.179443
0 0.150097
0 0.178035
0.25 0.152535
0 0.155264
0.0833333 0.27407
0.166667 0.153602
0.25 0.224131
0.25 0.158073
0 0.229797
0.166667 0.314254
0.0833333 0.157089
0.25 0.244412
0.25 0.191168
0 0.195593
0.166667 0.170076
0.0833333 0.15201
0.166667 0.178066
0.166667 0.182008
0.25 0.159584
0 0.264716
0.0833333 0.152593
0.25 0.22181
0 0.283892
0.0833333 0.155591
0.333333 0.446671
0.166667 0.262723
0.0833333 0.371611
0.333333 0.157745
0.166667 0.35579
0.166667 0.17923
0.25 0.24965
0.166667 0.180281
0 0.288406
0.166667 0.207644
0.166667 0.379394
0.166667 0.202069
0.0833333 0.151761
0.25 0.228589
0 0.168814
0.166667 0.488811
0.0833333 0.183718
0.25 0.217307
0.166667 0.285913
0.25 0.336227
0.0833333 0.180472
0.0833333 0.164886
0 0.214193
0.0833333 0.190006
0.0833333 0.158891
0 0.163262
0.0833333 0.181736
0 0.159381
0.166667 0.163526
0.0833333 0.203552
0.166667 0.182508
0.0833333 0.42254
0.333333 0.165033
0.0833333 0.22904
0.0833333 0.245219
0.0833333 0.153413
0.0833333 0.178105
0 0.26862
0.0833333 0.169201
0 0.303587
0.166667 0.15479
0.166667 0.213796
0.166667 0.229106
0.166667 0.164372
0.0833333 0.15584
0.0833333 0.152915
0.25 0.159803
0.333333 0.474224
0.0833333 0.160547
0 0.164217
0 0.15171
0.25 0.157787
0 0.171325
0.0833333 0.151455
0.0833333 0.352091
0.0833333 0.200083
0.166667 0.431185
0 0.185697
0.0833333 0.19878
0.0833333 0.154568
0.0833333 0.173952
0.25 0.181474
0.25 0.160715
0.0833333 0.178798
0 0.168311
0.25 0.190914
0.0833333 0.165606
0.166667 0.276605
0.166667 0.252857
0.0833333 0.312647
0.166667 0.20692
0.0833333 0.389363
0 0.185936
0.0833333 0.172941
0.166667 0.189019
0.0833333 0.162737
0.166667 0.150731
0.166667 0.24242
0.0833333 0.267352
0 0.177056
0.0833333 0.150422
0.166667 0.181995
0 0.179336
0 0.361507
0.0833333 0.166367
0.0833333 0.168534
0 0.15854
0.0833333 0.497544
0.0833333 0.247831
0.166667 0.192692
0.25 0.18037
0.0833333 0.366246
0.333333 0.38736
0.25 0.426253
0.0833333 0.152953
0 0.162084
0.333333 0.153362
0 0.301518
0.0833333 0.150246
0.0833333 0.162222
0 0.179131
0 0.157599
0 0.207174
0.0833333 0.151665
0.25 0.5
0 0.163892
0.0833333 0.205379
0.166667 0.164208
0.166667 0.151325
0.166667 0.198824
0 0.185104
0.0833333 0.152515
0.166667 0.398085
0 0.158325
0 0.159757
0.166667 0.300959
0 0.207317
0.0833333 0.231668
0 0.180936
0.25 0.180238
0.0833333 0.157967
0.166667 0.217852
0.166667 0.171507
0.25 0.185595
0.25 0.448285
0.166667 0.260663
0 0.31863
0.166667 0.5
0.166667 0.423802
0 0.381291
0.0833333 0.405895
0.0833333 0.22619
0.166667 0.181016
0.166667 0.369359
0.166667 0.185943
0 0.219721
0.25 0.354231
0.25 0.370286
0.166667 0.213424
0.166667 0.181412
0.0833333 0.18187
0.166667 0.394278
0.0833333 0.231457
0 0.278875
0.0833333 0.394445
0 0.173806
0.25 0.229131
0.0833333 0.261815
0.166667 0.176301
0.0833333 0.152309
0.0833333 0.176324
0.0833333 0.15176
0.25 0.31174
0.166667 0.362195
0.166667 0.171521
0.0833333 0.214913
0.0833333 0.226746
0.25 0.247513
0 0.163282
0 0.163178
0.0833333 0.189763
0.166667 0.154892
0 0.249531
0.0833333 0.166901
0 0.166896
0.166667 0.274414
0 0.199713
0.0833333 0.172561
0.333333 0.460693
0.166667 0.218612
0.0833333 0.281822
0.0833333 0.213324
0.166667 0.171298
0.0833333 0.225109
0.166667 0.159631
0.0833333 0.200298
0.166667 0.346324
0 0.198623
0 0.153684
0.0833333 0.227741
0.0833333 0.164123
0.0833333 0.15748
0.0833333 0.305391
0.166667 0.493887
0.25 0.153737
0.25 0.239995
0 0.153884
0.25 0.168511
0.166667 0.372811
0.166667 0.430086
0.0833333 0.175952
0 0.224319
0.0833333 0.207918
0.166667 0.187493
0.0833333 0.5
0.166667 0.5
0.25 0.157618
0 0.246631
0.166667 0.153024
0.0833333 0.203999
0.166667 0.197349
0 0.220209
0.25 0.232121
0.0833333 0.157601
0.166667 0.161698
0.0833333 0.207372
0.0833333 0.188535
0 0.15268
0.0833333 0.153155
0 0.178251
0.0833333 0.198668
0.25 0.321624
0.166667 0.177715
0.166667 0.2937
0.166667 0.255938
0.166667 0.26028
0 0.188046
0 0.155735
0.25 0.168554
0.25 0.179686
0.0833333 0.197657
0.25 0.158775
0 0.195153
0.0833333 0.18934
0.166667 0.317117
0.166667 0.434249
0.166667 0.159147
0.25 0.174986
0 0.196722
0.0833333 0.186634
0 0.185158
0.0833333 0.158322
0 0.264651
0.166667 0.166763
0.166667 0.154714
0.0833333 0.171959
0.0833333 0.177666
0 0.169697
0.0833333 0.179151
0 0.185046
0.0833333 0.253323
0.25 0.164505
0.166667 0.212115
0.0833333 0.5
0.0833333 0.152494
0.0833333 0.162255
0.0833333 0.231773
0 0.205228
0.333333 0.16205
0.0833333 0.160956
0.0833333 0.202319
0 0.177939
0.25 0.156852
0.0833333 0.344789
0 0.224381
0.25 0.267243
0.333333 0.5
0.166667 0.235684
0.0833333 0.163382
0.166667 0.253231
0.0833333 0.295636
0.166667 0.327361
0.25 0.168025
0.25 0.241532
0.166667 0.166775
0.0833333 0.190472
0.0833333 0.186892
0.0833333 0.198687
0.0833333 0.161101
0 0.196801
0.25 0.442258
0.25 0.381847
0.25 0.5
0.0833333 0.16753
0.0833333 0.187272
0.333333 0.463522
0.166667 0.218221
0.166667 0.390599
0.0833333 0.156408
0.0833333 0.166705
0.0833333 0.205237
0 0.150625
0 0.22355
0.166667 0.160701
0 0.275521
0.0833333 0.195576
0.166667 0.167451
0.0833333 0.185325
0.0833333 0.1548
0.166667 0.263361
0.0833333 0.188573
0.25 0.267704
0.0833333 0.226894
0.0833333 0.169289
0.166667 0.204696
0 0.197889
0.0833333 0.194592
0 0.157896
0.166667 0.255766
0.0833333 0.233454
0.166667 0.361183
0.25 0.206331
0.333333 0.174765
0 0.214148
0.166667 0.294722
0.166667 0.151829
0.166667 0.219856
0.166667 0.235911
0 0.23382
0.166667 0.187431
0.0833333 0.161395
0 0.184338
0 0.194268
0 0.170783
0 0.157935
0 0.207858
0.0833333 0.291269
0.0833333 0.217518
0 0.207136
0 0.414862
0.0833333 0.418084
0.25 0.47707
0.166667 0.162737
0.25 0.241545
0.0833333 0.150138
0.166667 0.154723
0 0.27825
0.25 0.299484
0 0.206202
0.166667 0.436692
0.25 0.197501
0 0.372165
0.166667 0.158759
0.25 0.169948
0.0833333 0.187755
0 0.171294
0.0833333 0.152566
0.0833333 0.352408
0.166667 0.179099
0.333333 0.165402
0.166667 0.281576
0 0.151236
0.0833333 0.18337
0 0.154182
0 0.268674
0.0833333 0.29349
0.0833333 0.215771
0.166667 0.163897
0.0833333 0.218972
0 0.229327
0.0833333 0.247549
0 0.150544
0.166667 0.160556
0.166667 0.201744
0.0833333 0.154405
0.25 0.169681
0.0833333 0.19233
0.25 0.432894
0.0833333 0.328161
0.0833333 0.1673
0 0.153338
0.25 0.16831
0.25 0.308983
0.0833333 0.166293
0.0833333 0.160029
0 0.194068
0 0.203994
0.0833333 0.233088
0 0.325158
0 0.165252
0.25 0.163587
0.0833333 0.306447
0.0833333 0.175625
0 0.185664
0.0833333 0.213461
0.0833333 0.247142
0.0833333 0.219974
0.333333 0.204507
0.0833333 0.230653
0.0833333 0.184397
0 0.178231
0.0833333 0.162322
0.0833333 0.151336
0.166667 0.264722
0.166667 0.400862
0.25 0.331608
0.25 0.169592
0 0.383066
0.0833333 0.281618
0.25 0.360553
0.166667 0.162998
0.25 0.487402
0.333333 0.48463
0.25 0.171319
0.25 0.247096
0.0833333 0.183028
0.0833333 0.207016
0.0833333 0.240995
0.25 0.167075
0.166667 0.185563
0.0833333 0.257777
0.0833333 0.152506
0.0833333 0.153232
0.0833333 0.173523
0.166667 0.177905
0.0833333 0.197028
0.0833333 0.5
0.166667 0.193321
0.166667 0.175632
0.0833333 0.218725
0 0.185933
0.0833333 0.174073
0 0.200473
0.0833333 0.222691
0.166667 0.275232
0.0833333 0.493947
0.166667 0.249772
0.0833333 0.193898
0.0833333 0.170493
0.0833333 0.226207
0.0833333 0.374146
0.333333 0.288741
0.0833333 0.232072
0.166667 0.178942
0 0.155319
0.166667 0.395428
0.0833333 0.153765
0.0833333 0.160372
0.166667 0.221931
0.166667 0.180932
0.0833333 0.241638
0.166667 0.33375
0 0.172677
0 0.154931
0 0.204848
0.166667 0.186417
0.0833333 0.163037
0.0833333 0.163406
0.25 0.5
0.0833333 0.210502
0.166667 0.155125
0.0833333 0.330292
0.25 0.225583
0.0833333 0.15469
0.166667 0.306863
0.25 0.27826
0.0833333 0.218605
0 0.251783
0.166667 0.170275
0 0.251503
0 0.152838
0.0833333 0.191804
0.166667 0.191901
0.25 0.239891
0.25 0.193568
0.166667 0.189723
0.0833333 0.19779
0.166667 0.181358
0.166667 0.152935
0.166667 0.199309
0.166667 0.28751
0.0833333 0.175119
0.0833333 0.393123
0.0833333 0.168251
0.25 0.151198
0 0.214436
0 0.237013
0.0833333 0.5
0 0.163496
0.0833333 0.197327
0.0833333 0.151623
0 0.179119
0.166667 0.404363
0.25 0.165661
0.0833333 0.327906
0.166667 0.197672
0.166667 0.460646
0.166667 0.5
0 0.190555
0.166667 0.151002
0 0.20466
0 0.284356
0.0833333 0.154881
0.0833333 0.172482
0.0833333 0.168595
0.0833333 0.33432
0 0.182436
0 0.181386
0 0.24115
0.166667 0.165622
0.25 0.467451
0.333333 0.183699
0.333333 0.171354
0.0833333 0.320098
0.0833333 0.156754
0.166667 0.164552
0.0833333 0.150908
0 0.237098
0.0833333 0.288406
0.166667 0.176492
0 0.161965
0.166667 0.3429
0.0833333 0.165352
0.0833333 0.162411
0.166667 0.342379
0.166667 0.432019
0.166667 0.492294
0.166667 0.177645
0.25 0.302948
0 0.186243
0 0.207473
0.0833333 0.153428
0.0833333 0.153621
0.0833333 0.153046
0.25 0.170883
0.0833333 0.161855
0.0833333 0.345453
0.166667 0.17544
0.0833333 0.185815
0.0833333 0.329577
0.25 0.309675
0.333333 0.390018
0.25 0.210811
0.166667 0.165784
0.166667 0.174582
0.333333 0.45284
0.25 0.321935
0.166667 0.269594
0.0833333 0.200364
0.333333 0.16792
0.25 0.155184
0.25 0.431355
0.0833333 0.159145
0.0833333 0.244432
0 0.216466
0.0833333 0.458453
0.166667 0.165705
0.166667 0.209284
0.0833333 0.170359
0 0.151267
0.166667 0.5
0.0833333 0.181676
0.166667 0.164726
0.0833333 0.212974
0 0.156027
0.0833333 0.184825
0 0.173936
0 0.190152
0.0833333 0.176011
0.25 0.152943
0.0833333 0.288075
0.25 0.172904
0.166667 0.365269
0 0.190749
0.0833333 0.241921
0 0.294781
0.25 0.448094
0.166667 0.454567
0.25 0.168593
0.166667 0.222665
0.25 0.311657
0.0833333 0.292944
0.166667 0.291552
0.0833333 0.252592
0.166667 0.156232
0 0.157856
0.0833333 0.178299
0.25 0.186455
0.0833333 0.189518
0 0.179369
0.0833333 0.252797
0.0833333 0.176717
0.25 0.356069
0.166667 0.255613
0 0.37671
0.25 0.182824
0.166667 0.43707
0 0.231182
0 0.280075
0.0833333 0.420996
0 0.15201
0.166667 0.232045
0.0833333 0.306309
0.166667 0.210883
0 0.181001
0.166667 0.408581
0.0833333 0.247558
0.0833333 0.199411
0.166667 0.189057
0.0833333 0.230776
0.25 0.289796
0.166667 0.488708
0 0.284006
0.166667 0.190513
0 0.160312
0.0833333 0.210039
0 0.16823
0.166667 0.283865
0.0833333 0.198955
0.166667 0.173646
0.0833333 0.196522
0.166667 0.151012
0 0.209573
0 0.153459
0.25 0.275078
0.0833333 0.164875
0.333333 0.257574
0.0833333 0.191236
0.25 0.212512
0 0.151067
0.333333 0.255626
0 0.177625
0.25 0.16732
0.166667 0.231603
0 0.157159
0.0833333 0.199625
0.166667 0.22139
0.0833333 0.168615
0 0.192839
0.0833333 0.177716
0.166667 0.179154
0.166667 0.195134
0.166667 0.256342
0.166667 0.413892
0 0.22935
0 0.176838
0.0833333 0.157379
0.166667 0.290192
0.166667 0.176382
0.0833333 0.176831
0.0833333 0.18208
0.25 0.161855
0.0833333 0.168464
0.0833333 0.202755
0 0.170886
0.166667 0.193203
0.25 0.256132
0.0833333 0.227206
0.0833333 0.240402
0.0833333 0.24658
0.0833333 0.234982
0 0.158245
0.0833333 0.195273
0.0833333 0.172909
0.166667 0.355935
0.333333 0.153731
0.166667 0.171484
0.166667 0.252474
0.166667 0.183715
0 0.241677
0.166667 0.172214
0.166667 0.250376
0 0.190581
0.0833333 0.168507
0.0833333 0.201304
0.0833333 0.244685
0.0833333 0.168154
0.166667 0.393342
0.333333 0.336776
0.333333 0.452675
0.25 0.406469
0.166667 0.270928
0.0833333 0.233323
0.166667 0.156484
0.166667 0.180558
0.0833333 0.200934
0.166667 0.163681
0 0.158131
0.0833333 0.230751
0 0.159411
0 0.150074
0.0833333 0.250753
0 0.193666
0.0833333 0.218896
0.333333 0.339957
0.25 0.155888
0.166667 0.329811
0.0833333 0.18484
0.0833333 0.249729
0.0833333 0.160048
0 0.186726
0 0.269893
0.166667 0.184007
0.0833333 0.151643
0.0833333 0.196521
0.166667 0.16734
0 0.216522
0.0833333 0.241901
0.0833333 0.342992
0.25 0.234671
0.166667 0.253199
0.166667 0.294767
0 0.152563
0.166667 0.435022
0.0833333 0.217011
0.0833333 0.213951
0 0.155122
0.166667 0.210475
0 0.158807
0 0.183178
0.0833333 0.170725
0 0.184583
0 0.175767
0.166667 0.45677
0.25 0.191867
0.166667 0.364238
0.166667 0.261684
0.0833333 0.153908
0.166667 0.23273
0.0833333 0.307925
0.25 0.367556
0 0.195624
0.166667 0.163305
0.0833333 0.194223
0.0833333 0.206359
0 0.186898
0.0833333 0.163219
0 0.178705
0.0833333 0.211213
0.25 0.163211
0.25 0.279349
0.25 0.247981
0.0833333 0.426646
0.0833333 0.206426
0 0.165801
0.166667 0.177105
0 0.157569
0.166667 0.326371
0 0.243994
0 0.177927
0.0833333 0.220064
0 0.169224
0.166667 0.177475
0.0833333 0.171533
0.0833333 0.157064
0.25 0.331018
0.166667 0.461884
0.166667 0.152428
0.0833333 0.273786
0 0.266661
0 0.200237
0.25 0.255619
0.166667 0.178734
0.0833333 0.166682
0.166667 0.153485
0.0833333 0.264101
0 0.183257
0.0833333 0.189292
0 0.178783
0 0.155991
0.166667 0.448305
0.0833333 0.306417
0 0.150814
0 0.175597
0.0833333 0.229336
0 0.151705
0.0833333 0.155367
0.0833333 0.168545
0.0833333 0.172717
0.0833333 0.238922
0.0833333 0.247153
0.166667 0.201567
0.166667 0.209118
0.0833333 0.157105
0.25 0.155786
0.25 0.191929
0.0833333 0.5
0.0833333 0.285543
0.0833333 0.229816
0.0833333 0.210134
0.0833333 0.219944
0 0.178396
0.166667 0.162928
0.0833333 0.413273
0.0833333 0.209989
0.166667 0.452005
0.166667 0.335643
0.0833333 0.311258
0.166667 0.169496
0.166667 0.157176
0.25 0.32207
0.25 0.256212
0.166667 0.165721
0 0.255663
0.0833333 0.442433
0.0833333 0.202592
0 0.210984
0.166667 0.197065
0.166667 0.202311
0.166667 0.184636
0.0833333 0.231285
0.166667 0.351711
0.166667 0.172657
0.166667 0.448356
0.166667 0.162021
0.166667 0.20345
0.333333 0.5
0.166667 0.228781
0 0.159705
0 0.166434
0.0833333 0.213213
0 0.167513
0.0833333 0.164806
0.166667 0.241375
0.0833333 0.165444
0.0833333 0.295287
0 0.188831
0 0.158122
0.25 0.3057
0 0.21492
0.166667 0.340066
0.25 0.184787
0.166667 0.271993
0 0.259586
0.166667 0.198123
0.0833333 0.324752
0.0833333 0.19924
0 0.347643
0.166667 0.5
0.166667 0.219196
0.0833333 0.189089
0.0833333 0.478802
0.25 0.15071
0.0833333 0.167264
0 0.300102
0.25 0.418242
0.25 0.248638
0.0833333 0.270622
0.25 0.18811
0 0.192543
0 0.230704
0 0.150377
0.0833333 0.176853
0 0.152347
0.0833333 0.177693
0 0.194318
0.0833333 0.152859
0.333333 0.43191
0 0.173873
0.0833333 0.232492
0.166667 0.157579
0.333333 0.164368
0 0.432829
0.166667 0.161161
0.0833333 0.184259
0 0.168858
0.166667 0.204677
0.0833333 0.18064
0 0.291748
0.0833333 0.199777
0.166667 0.354351
0.166667 0.157586
0.0833333 0.406652
0.166667 0.221959
0.0833333 0.171097
0.0833333 0.325816
0.25 0.301109
0.166667 0.261892
0.0833333 0.23166
0.166667 0.21048
0 0.173477
0.0833333 0.204038
0 0.15545
0.0833333 0.322836
0.166667 0.296176
0.166667 0.207364
0.166667 0.156198
0 0.156315
0.0833333 0.159503
0.25 0.451938
0.0833333 0.204939
0.0833333 0.295391
0.25 0.270193
0.166667 0.426494
0.0833333 0.241822
0.166667 0.178714
0.166667 0.338176
0.0833333 0.161664
0.333333 0.176191
0.166667 0.257363
0.25 0.150246
0.166667 0.29617
0 0.168171
0 0.161059
0.0833333 0.190756
0.166667 0.150748
0.0833333 0.176181
0.166667 0.176355
0.166667 0.177674
0.166667 0.437725
0 0.226613
0.166667 0.401859
0 0.165064
0.0833333 0.247132
0.0833333 0.158232
0.25 0.468741
0.0833333 0.173768
0 0.168633
0 0.181621
0 0.221025
0.0833333 0.245916
0.166667 0.192646
0.25 0.170684
0.166667 0.306344
0.25 0.154109
0.25 0.396569
0.25 0.169486
0.25 0.150925
0.166667 0.314662
0.333333 0.488733
0.25 0.293499
0.0833333 0.257278
0.25 0.272814
0.166667 0.188833
0.0833333 0.280097
0.166667 0.220683
0.166667 0.422542
0.166667 0.250832
0.25 0.24013
0.0833333 0.347896
0.25 0.346073
0.0833333 0.189145
0 0.162004
0 0.290026
0.166667 0.184866
0.0833333 0.15923
0.0833333 0.185489
0.0833333 0.154913
0.0833333 0.319349
0.166667 0.16949
0 0.280801
0.166667 0.196243
0.0833333 0.158229
0.166667 0.186311
0.25 0.201499
0.166667 0.206842
0.166667 0.178325
0.333333 0.275031
0.166667 0.268638
0.166667 0.288556
0.166667 0.166981
0.0833333 0.15433
0.0833333 0.245782
0.0833333 0.15128
0.166667 0.183177
0.166667 0.161794
0 0.308491
0.0833333 0.44754
0.166667 0.188945
0.0833333 0.155382
0.166667 0.157884
0.166667 0.202565
0.0833333 0.275372
0.0833333 0.16298
0 0.179255
0.166667 0.16873
0.0833333 0.15469
0 0.174014
0.0833333 0.26387
0.166667 0.160008
0.0833333 0.17377
0.0833333 0.150999
0.0833333 0.190932
0.0833333 0.442759
0.166667 0.474792
0.25 0.335984
0.166667 0.227951
0 0.189137
0.166667 0.402728
0.0833333 0.160676
0.166667 0.180993
0.166667 0.173206
0.166667 0.155879
0 0.158522
0.25 0.270608
0.0833333 0.180753
0 0.292142
0 0.188847
0.166667 0.241344
0 0.160158
0.166667 0.208841
0.166667 0.180503
0 0.15104
0.0833333 0.195596
0.0833333 0.196616
0.0833333 0.165026
0.0833333 0.201859
0.25 0.263162
0 0.206467
0.0833333 0.208604
0.0833333 0.162443
0 0.153502
0.0833333 0.188411
0.333333 0.5
0.0833333 0.183311
0.333333 0.231292
0.166667 0.237486
0.0833333 0.321694
0 0.177899
0 0.165453
0 0.167105
0.0833333 0.289468
0 0.15488
0.0833333 0.1792
0.0833333 0.228166
0.0833333 0.246318
0.166667 0.31997
0 0.194134
0.0833333 0.151861
0.25 0.178035
0.333333 0.260225
0.166667 0.155067
0.0833333 0.335427
0 0.154542
0.0833333 0.294044
0.0833333 0.299641
0.0833333 0.171652
0 0.150404
0.166667 0.270755
0.166667 0.186646
0.166667 0.161139
0.166667 0.26807
0.25 0.428615
0.0833333 0.185805
0.333333 0.31132
0 0.224213
0.0833333 0.167964
0.166667 0.188961
0 0.177409
0.0833333 0.151173
0 0.161248
0.166667 0.189941
0.0833333 0.164411
0.166667 0.238495
0.166667 0.318607
0.25 0.170548
0.0833333 0.326499
0.0833333 0.245426
0.25 0.225487
0.25 0.175848
0.166667 0.202403
0.166667 0.278861
0.166667 0.451738
0.166667 0.443409
0.0833333 0.31603
0.166667 0.150219
0.333333 0.373175
0.25 0.190726
0.166667 0.284129
0.166667 0.330034
0.0833333 0.187968
0.25 0.469343
0.0833333 0.317524
0.166667 0.165102
0.166667 0.170329
0 0.17313
0.166667 0.158197
0.25 0.200396
0 0.267807
0 0.251978
0 0.232045
0.0833333 0.187598
0.0833333 0.188234
0.0833333 0.184472
0.0833333 0.192758
0.25 0.339165
0.0833333 0.168506
0.0833333 0.302743
0.166667 0.163907
0.0833333 0.157647
0.166667 0.5
0.166667 0.164697
0.166667 0.193131
0.166667 0.170537
0.166667 0.418228
0 0.157928
0.0833333 0.161474
0.0833333 0.198698
0.0833333 0.158206
0.0833333 0.247658
0.25 0.22103
0.25 0.419019
0.25 0.234715
0 0.343616
0.0833333 0.15702
0.0833333 0.19341
0.0833333 0.160643
0.0833333 0.206497
0.0833333 0.268027
0.0833333 0.163424
0 0.218052
0 0.157573
0.0833333 0.198023
0.0833333 0.276913
0.166667 0.163949
0.166667 0.347661
0.0833333 0.238076
0.25 0.218086
0 0.182381
0.0833333 0.252364
0.0833333 0.243686
0.0833333 0.15901
0.25 0.413434
0 0.206198
0 0.161154
0.0833333 0.298407
0.0833333 0.317474
0.166667 0.254675
0.0833333 0.183754
0.0833333 0.185683
0.166667 0.163243
0.166667 0.408323
0.0833333 0.150724
0 0.190513
0.0833333 0.185547
0.0833333 0.162696
0 0.152246
0.0833333 0.176655
0.25 0.481976
0.0833333 0.281239
0.166667 0.215519
0.0833333 0.275424
0.166667 0.206237
0.0833333 0.189745
0.333333 0.24646
0.166667 0.151792
0.0833333 0.153953
0.0833333 0.216879
0 0.159414
0.0833333 0.203283
0.166667 0.204176
0.166667 0.154237
0 0.199604
0.0833333 0.150786
0.0833333 0.261053
0 0.201044
0 0.155815
0.166667 0.166104
0.25 0.253579
0.166667 0.284484
0.25 0.368565
0 0.178674
0.0833333 0.156034
0.0833333 0.204272
0.0833333 0.175682
0.0833333 0.154193
0.0833333 0.238297
0.166667 0.162397
0.0833333 0.176989
0.25 0.150132
0 0.165045
0.0833333 0.183853
0.166667 0.170181
0.333333 0.5
0.166667 0.159171
0.25 0.217828
0.0833333 0.208778
0 0.156659
0.0833333 0.294171
0 0.169223
0.0833333 0.168229
0.166667 0.243139
0.0833333 0.159784
0.0833333 0.324348
0.166667 0.190688
0.166667 0.31711
0.166667 0.174828
0.25 0.150772
0.333333 0.462066
0.25 0.198902
0.166667 0.372736
0.0833333 0.186459
0.0833333 0.277112
0 0.389472
0.25 0.153813
0.0833333 0.192517
0.25 0.215052
0.166667 0.337555
0.166667 0.207479
0.166667 0.389327
0.25 0.438104
0.0833333 0.180052
0.0833333 0.298306
0.166667 0.222071
0.166667 0.152644
0.166667 0.190075
0.0833333 0.154811
0 0.152114
0.0833333 0.162877
0 0.2086
0 0.22558
0.0833333 0.169979
0.0833333 0.426646
0.0833333 0.179971
0 0.263695
0.25 0.173093
0.166667 0.293006
0.166667 0.276073
0.0833333 0.19298
0.25 0.245447
0.0833333 0.214068
0 0.349664
0 0.220184
0.166667 0.15016
0.0833333 0.16002
0.166667 0.183443
0.0833333 0.152249
0.166667 0.464796
0.0833333 0.168318
0 0.20195
0.0833333 0.253539
0.333333 0.212227
0.0833333 0.156282
0 0.179783
0.25 0.5
0.0833333 0.159418
0.166667 0.438493
0.0833333 0.290779
0 0.18005
0 0.154577
0.0833333 0.200173
0.0833333 0.165605
0 0.169792
0.0833333 0.166887
0.166667 0.168291
0.166667 0.311358
0.25 0.479786
0.166667 0.162826
0.0833333 0.203489
0.333333 0.373507
0 0.349229
0.0833333 0.246203
0 0.154306
0.25 0.151106
0.0833333 0.21359
0 0.15292
0.25 0.154958
0.0833333 0.193856
0.0833333 0.19114
0.333333 0.413683
0.25 0.246405
0.0833333 0.217581
0 0.157236
0.0833333 0.331614
0.166667 0.171834
0.0833333 0.157776
0.0833333 0.1506
0 0.155433
0.166667 0.1613
0.0833333 0.165343
0.0833333 0.174206
0.166667 0.150619
0.166667 0.22959
0.25 0.169214
0.0833333 0.185293
0.25 0.34186
0.0833333 0.161143
0.166667 0.166658
0.166667 0.26839
0.166667 0.153906
0.0833333 0.18107
0.0833333 0.174278
0.0833333 0.167454
0.0833333 0.159287
0.0833333 0.170751
0.0833333 0.159606
0 0.189719
0.166667 0.221944
0.166667 0.226389
0.0833333 0.173266
0 0.198279
0.166667 0.17136
0 0.257376
0.0833333 0.165131
0 0.258668
0.333333 0.152783
0.0833333 0.176928
0.0833333 0.16969
0.0833333 0.191324
0 0.163388
0.166667 0.197272
0.0833333 0.157231
0.166667 0.478516
0.166667 0.464098
0.25 0.271143
0.0833333 0.157445
0.0833333 0.223743
0.0833333 0.252285
0.166667 0.189434
0.0833333 0.386547
0.166667 0.185131
0 0.164669
0.166667 0.151047
0.0833333 0.172809
0.0833333 0.248092
0.166667 0.158192
0.166667 0.206103
0.25 0.223865
0.166667 0.26979
0.166667 0.210733
0.0833333 0.212156
0.25 0.180534
0.166667 0.159944
0.166667 0.194188
0.166667 0.421532
0.333333 0.22522
0.0833333 0.17622
0.166667 0.441995
0.0833333 0.158489
0.0833333 0.155879
0.0833333 0.159062
0.25 0.451942
0.333333 0.159716
0.166667 0.164552
0.166667 0.26516
0 0.161016
0.333333 0.429763
0.166667 0.199399
0.166667 0.172177
0.0833333 0.244331
0.25 0.185166
0.0833333 0.174626
0.0833333 0.172819
0.0833333 0.16528
0 0.164594
0.0833333 0.338849
0.0833333 0.163282
0 0.196838
0.166667 0.153212
0 0.183478
0.166667 0.157799
0.0833333 0.161917
0.166667 0.1662
0.166667 0.29159
0.0833333 0.161123
0.166667 0.270728
0.0833333 0.195962
0 0.155577
0.0833333 0.279868
0.25 0.253106
0.0833333 0.429305
0.166667 0.322931
0.166667 0.153326
