0.583333 0.509429
0.583333 0.592076
0.583333 0.684153
0.75 0.776229
0.666667 0.831694
0.833333 0.739618
0.583333 0.647541
0.583333 0.555465
0.333333 0.536612
0.416667 0.628688
0.75 0.720765
0.666667 0.812841
0.916667 0.795083
0.75 0.703006
0.416667 0.61093
0.5 0.518853
0.583333 0.573223
0.833333 0.6653
0.916667 0.757376
0.75 0.849453
0.833333 0.758471
0.916667 0.666395
0.75 0.574318
0.5 0.517758
0.583333 0.609835
0.75 0.701911
0.916667 0.793988
0.833333 0.813936
0.75 0.721859
0.75 0.629783
0.5 0.537706
0.5 0.55437
0.583333 0.646446
0.666667 0.738523
0.833333 0.830599
0.833333 0.777324
0.833333 0.685248
0.75 0.593171
0.333333 0.501095
0.5 0.590982
0.75 0.683058
0.916667 0.775135
0.916667 0.832789
0.916667 0.740713
0.75 0.648636
0.75 0.55656
0.166667 0.535517
0.833333 0.627593
0.75 0.71967
0.916667 0.811746
0.833333 0.796177
0.5 0.704101
0.583333 0.612025
0.916667 0.519948
0.666667 0.572128
0.75 0.664205
0.666667 0.756281
0.75 0.848358
0.833333 0.759566
0.333333 0.667489
0.75 0.575413
0.416667 0.516664
0.666667 0.60874
0.75 0.700816
0.75 0.792893
0.916667 0.815031
0.833333 0.722954
0.333333 0.630878
0.833333 0.538801
0.333333 0.553275
0.666667 0.645352
0.833333 0.737428
0.833333 0.829505
0.833333 0.778419
0.833333 0.686343
0.666667 0.594266
0.666667 0.50219
0.5 0.589887
0.833333 0.681963
0.916667 0.77404
1 0.833884
0.916667 0.741807
0.833333 0.649731
0.666667 0.557655
0.166667 0.534422
0.583333 0.626498
0.666667 0.718575
0.666667 0.810651
0.916667 0.797272
0.75 0.705196
0.583333 0.613119
0.666667 0.521043
0.333333 0.571034
0.75 0.66311
0.833333 0.755186
1 0.847263
0.75 0.760661
0.75 0.668584
0.5 0.576508
0.5 0.515569
0.583333 0.607645
0.666667 0.699722
0.833333 0.791798
0.833333 0.816125
0.75 0.724049
0.666667 0.631973
0.916667 0.539896
0.75 0.55218
0.75 0.644257
0.916667 0.736333
0.833333 0.82841
0.833333 0.779514
0.75 0.687437
0.833333 0.595361
0.416667 0.503285
0.583333 0.588792
0.583333 0.680868
0.75 0.772945
0.666667 0.834979
0.5 0.742902
0.583333 0.650826
0.666667 0.558749
0.666667 0.533327
0.75 0.625404
1 0.71748
0.916667 0.809556
0.916667 0.798367
0.666667 0.706291
0.75 0.614214
0.416667 0.522138
0.5 0.569939
0.833333 0.662015
0.916667 0.754092
0.75 0.846168
0.833333 0.761755
0.666667 0.669679
0.5 0.577603
0.75 0.514474
0.666667 0.60655
0.666667 0.698627
0.666667 0.790703
0.75 0.81722
0.75 0.725144
0.666667 0.633067
0.5 0.540991
0.666667 0.551085
0.75 0.643162
0.583333 0.735238
0.833333 0.827315
0.833333 0.780609
0.75 0.688532
0.833333 0.596456
0.666667 0.504379
0.583333 0.587697
0.75 0.679774
0.666667 0.77185
0.75 0.836074
0.666667 0.743997
0.833333 0.651921
0.666667 0.559844
0.666667 0.532232
0.833333 0.624309
0.75 0.716385
0.833333 0.808462
1 0.799462
0.666667 0.707385
0.5 0.615309
0.583333 0.523233
0.5 0.568844
0.666667 0.66092
0.75 0.752997
0.833333 0.845073
0.75 0.76285
0.833333 0.670774
0.583333 0.578697
0.166667 0.513379
0.583333 0.605455
0.666667 0.697532
0.833333 0.789608
0.916667 0.818315
0.75 0.726239
0.5 0.634162
0.583333 0.542086
0.666667 0.549991
0.833333 0.642067
0.75 0.734144
0.916667 0.82622
0.75 0.781704
0.75 0.689627
0.666667 0.597551
0.5 0.505474
0.416667 0.586602
0.75 0.678679
0.916667 0.770755
1 0.837168
0.916667 0.745092
0.75 0.653015
0.5 0.560939
0.666667 0.531137
0.583333 0.623214
0.75 0.71529
0.666667 0.807367
1 0.800557
0.75 0.70848
0.583333 0.616404
0.333333 0.524327
0.583333 0.567749
0.583333 0.659826
0.916667 0.751902
1 0.843978
0.916667 0.763945
0.833333 0.671869
0.75 0.579792
0.5 0.512284
0.666667 0.604361
0.416667 0.696437
0.833333 0.788514
0.916667 0.81941
0.75 0.727334
0.833333 0.635257
0.666667 0.543181
0.5 0.548896
0.75 0.640972
0.583333 0.733049
0.833333 0.825125
0.75 0.782798
0.666667 0.690722
0.75 0.598645
0.833333 0.506569
0.416667 0.585507
0.75 0.677584
0.916667 0.76966
0.916667 0.838263
0.75 0.746187
0.5 0.65411
0.5 0.562034
0.25 0.530043
0.833333 0.622119
0.75 0.714196
0.833333 0.806272
0.75 0.801652
0.833333 0.709575
0.75 0.617499
0.666667 0.525422
0.583333 0.566654
0.666667 0.658731
0.833333 0.750807
0.916667 0.842884
0.916667 0.76504
0.75 0.672964
0.5 0.580887
0.5 0.511189
0.333333 0.603266
0.833333 0.695342
0.916667 0.787419
0.666667 0.820505
0.833333 0.728428
0.583333 0.636352
0.5 0.544275
0.416667 0.547801
0.666667 0.639877
0.75 0.731954
0.833333 0.82403
1 0.783893
0.583333 0.691817
0.666667 0.59974
0.5 0.507664
0.333333 0.584413
0.75 0.676489
0.833333 0.768566
0.666667 0.839358
0.75 0.747282
0.666667 0.655205
0.5 0.563129
0.333333 0.528948
0.583333 0.621024
0.75 0.713101
0.75 0.805177
0.916667 0.802746
0.833333 0.71067
0.75 0.618594
0.416667 0.526517
0.416667 0.565559
0.916667 0.657636
0.833333 0.749712
0.833333 0.841789
0.833333 0.766135
0.5 0.674058
0.666667 0.581982
0.583333 0.510095
0.5 0.602171
0.583333 0.694247
0.916667 0.786324
0.916667 0.8216
0.916667 0.729523
0.833333 0.637447
0.416667 0.54537
0.75 0.546706
0.666667 0.638783
0.833333 0.730859
0.75 0.822936
0.75 0.784988
0.75 0.692912
0.75 0.600835
0.416667 0.508759
0.5 0.583318
0.416667 0.675394
0.833333 0.767471
0.833333 0.840453
0.666667 0.748376
0.5 0.6563
0.75 0.564224
0.416667 0.527853
0.916667 0.619929
0.833333 0.712006
0.833333 0.804082
0.666667 0.803841
0.75 0.711765
0.916667 0.619688
0.583333 0.527612
0.666667 0.564465
0.666667 0.656541
0.75 0.748617
0.833333 0.840694
0.916667 0.76723
0.75 0.675153
0.833333 0.583077
0.25 0.509
0.75 0.601076
0.583333 0.693153
0.666667 0.785229
0.916667 0.822694
0.75 0.730618
0.666667 0.638542
0.5 0.546465
0.333333 0.545611
0.666667 0.637688
0.833333 0.729764
0.666667 0.821841
0.666667 0.786083
0.833333 0.694006
0.583333 0.60193
0.833333 0.509854
0.333333 0.582223
0.75 0.674299
0.75 0.766376
0.916667 0.841548
0.916667 0.749471
0.75 0.657395
0.5 0.565318
0.166667 0.526758
0.75 0.618835
0.666667 0.710911
1 0.802987
0.916667 0.804936
0.916667 0.71286
0.5 0.620783
0.333333 0.528707
0.166667 0.56337
0.75 0.655446
0.833333 0.747523
0.75 0.839599
0.916667 0.768324
0.666667 0.676248
0.833333 0.584172
0.583333 0.507905
0.583333 0.599981
0.666667 0.692058
0.916667 0.784134
0.916667 0.823789
0.75 0.731713
0.833333 0.639636
0.5 0.54756
0.583333 0.544516
0.583333 0.636593
0.75 0.728669
0.916667 0.820746
0.75 0.787178
0.666667 0.695101
0.833333 0.603025
0.583333 0.510948
0.666667 0.581128
0.5 0.673205
0.666667 0.765281
0.833333 0.842643
0.75 0.750566
0.5 0.65849
0.416667 0.566413
0.5 0.525663
0.5 0.61774
0.75 0.709816
0.583333 0.801893
0.833333 0.806031
0.583333 0.713954
0.666667 0.621878
0.666667 0.529802
0.416667 0.562275
0.666667 0.654351
0.75 0.746428
0.833333 0.838504
0.833333 0.769419
0.75 0.677343
0.833333 0.585266
0.75 0.50681
0.583333 0.598886
0.666667 0.690963
0.666667 0.783039
0.666667 0.824884
0.666667 0.732808
0.833333 0.640731
0.75 0.548655
0.75 0.543422
0.666667 0.635498
0.583333 0.727575
0.916667 0.819651
0.583333 0.788273
0.5 0.696196
0.833333 0.60412
0.5 0.512043
0.5 0.580033
0.416667 0.67211
0.666667 0.764186
1 0.843737
0.916667 0.751661
0.583333 0.659584
0.833333 0.567508
0.583333 0.524568
0.666667 0.616645
0.833333 0.708721
0.833333 0.800798
0.833333 0.807126
0.75 0.715049
0.75 0.622973
0.666667 0.530896
0.416667 0.56118
0.666667 0.653256
0.75 0.745333
0.833333 0.837409
0.666667 0.770514
0.583333 0.678438
0.583333 0.586361
0.583333 0.505715
0.416667 0.597792
0.75 0.689868
0.75 0.781945
0.666667 0.825979
0.833333 0.733903
0.833333 0.641826
0.5 0.54975
0.25 0.542327
0.833333 0.634403
0.833333 0.72648
1 0.818556
0.916667 0.789367
0.833333 0.697291
0.833333 0.605214
0.5 0.513138
0.416667 0.578938
0.583333 0.671015
0.666667 0.763091
0.916667 0.844832
0.833333 0.752756
0.833333 0.660679
0.25 0.568603
0.333333 0.523474
0.833333 0.61555
0.5 0.707626
0.833333 0.799703
0.916667 0.808221
0.75 0.716144
0.666667 0.624068
0.666667 0.531991
0.666667 0.560085
0.416667 0.652162
0.75 0.744238
0.916667 0.836315
0.5 0.771609
0.916667 0.679533
0.5 0.587456
0.416667 0.50462
0.583333 0.596697
0.666667 0.688773
0.666667 0.78085
1 0.827074
0.833333 0.734997
0.75 0.642921
0.666667 0.550844
0.666667 0.541232
0.916667 0.633308
0.5 0.725385
1 0.817461
0.666667 0.790462
0.666667 0.698386
0.666667 0.606309
0.583333 0.514233
0.416667 0.577844
0.75 0.66992
0.75 0.761996
0.75 0.845927
1 0.753851
0.416667 0.661774
0.666667 0.569698
0.5 0.522379
0.916667 0.614455
0.916667 0.706532
0.833333 0.798608
0.833333 0.809315
0.75 0.717239
0.666667 0.625163
0.416667 0.533086
0.5 0.55899
0.75 0.651067
0.666667 0.743143
0.916667 0.83522
1 0.772704
0.75 0.680627
0.5 0.588551
0.25 0.503526
0.5 0.595602
0.583333 0.687678
0.75 0.779755
0.583333 0.828169
0.583333 0.736092
0.583333 0.644016
0.666667 0.551939
0.583333 0.540137
0.583333 0.632214
0.833333 0.72429
0.833333 0.816366
0.666667 0.791557
0.75 0.699481
0.583333 0.607404
0.75 0.515328
0.5 0.576749
0.75 0.668825
0.833333 0.760902
0.833333 0.847022
0.916667 0.754945
0.583333 0.662869
0.666667 0.570793
0.416667 0.521284
0.583333 0.61336
0.75 0.705437
0.75 0.797513
0.833333 0.81041
0.666667 0.718334
0.75 0.626257
0.666667 0.534181
0.416667 0.557896
0.416667 0.649972
0.75 0.742048
0.75 0.834125
0.75 0.773799
0.75 0.681722
0.666667 0.589646
0.5 0.502431
0.333333 0.594507
0.75 0.686584
1 0.77866
0.75 0.829263
0.916667 0.737187
0.916667 0.645111
0.583333 0.553034
0.583333 0.539042
0.666667 0.631119
0.666667 0.723195
1 0.815272
0.75 0.792652
0.666667 0.700575
0.583333 0.608499
0.416667 0.516423
0.583333 0.575654
0.833333 0.66773
1 0.759807
0.75 0.848117
0.75 0.75604
0.583333 0.663964
0.75 0.571887
0.5 0.520189
0.666667 0.612266
0.583333 0.704342
0.75 0.796418
0.833333 0.811505
0.666667 0.719429
0.833333 0.627352
0.75 0.535276
0.583333 0.556801
0.833333 0.648877
0.5 0.740954
0.75 0.83303
0.916667 0.774893
0.666667 0.682817
0.75 0.590741
0.666667 0.501336
0.916667 0.593412
0.5 0.685489
0.916667 0.777565
0.75 0.830358
0.833333 0.738282
0.833333 0.646205
0.5 0.554129
0.166667 0.537947
0.583333 0.630024
0.666667 0.7221
0.833333 0.814177
0.916667 0.793747
0.75 0.70167
0.666667 0.609594
0.75 0.517517
0.583333 0.574559
0.5 0.666636
0.833333 0.758712
0.833333 0.849212
0.833333 0.757135
0.833333 0.665059
0.5 0.572982
0.333333 0.519094
0.833333 0.611171
0.916667 0.703247
0.833333 0.795324
0.916667 0.8126
1 0.720523
0.833333 0.628447
0.416667 0.536371
0.5 0.555706
0.666667 0.647782
0.5 0.739859
0.75 0.831935
0.666667 0.775988
0.666667 0.683912
0.5 0.591835
0.583333 0.500241
0.333333 0.592317
0.833333 0.684394
0.916667 0.77647
0.666667 0.831453
0.75 0.739377
0.75 0.6473
0.5 0.555224
0.25 0.536853
0.583333 0.628929
0.916667 0.721006
0.75 0.813082
0.666667 0.794842
0.666667 0.702765
0.666667 0.610689
0.333333 0.518612
0.666667 0.573464
0.666667 0.665541
0.75 0.757617
0.833333 0.849694
0.583333 0.75823
0.916667 0.666153
0.5 0.574077
0.416667 0.517999
0.666667 0.610076
0.75 0.702152
0.583333 0.794229
0.666667 0.813695
0.666667 0.721618
0.5 0.629542
0.833333 0.537465
0.5 0.554611
0.333333 0.646687
0.75 0.738764
0.916667 0.83084
0.75 0.777083
0.666667 0.685007
0.583333 0.59293
0.75 0.500854
0.666667 0.591223
0.666667 0.683299
0.75 0.775376
0.833333 0.832548
0.583333 0.740472
0.666667 0.648395
0.5 0.556319
0.75 0.535758
0.666667 0.627834
0.75 0.719911
0.916667 0.811987
0.833333 0.795936
0.833333 0.70386
0.75 0.611783
0.583333 0.519707
0.666667 0.572369
0.666667 0.664446
0.666667 0.756522
0.75 0.848599
0.666667 0.759325
0.75 0.667248
0.833333 0.575172
0.5 0.516905
0.666667 0.608981
0.75 0.701057
0.666667 0.793134
0.916667 0.81479
0.666667 0.722713
0.666667 0.630637
0.5 0.53856
0.416667 0.553516
0.666667 0.645593
0.75 0.737669
0.666667 0.829746
0.666667 0.778178
0.666667 0.686102
0.333333 0.594025
0.75 0.501949
0.5 0.590128
0.916667 0.682204
0.666667 0.774281
0.916667 0.833643
0.833333 0.741566
0.75 0.64949
0.583333 0.557413
0.333333 0.534663
0.666667 0.626739
0.75 0.718816
0.75 0.810892
0.666667 0.797031
0.75 0.704955
0.583333 0.612878
0.666667 0.520802
0.416667 0.571275
0.583333 0.663351
0.833333 0.755427
0.833333 0.847504
0.75 0.76042
0.75 0.668343
0.666667 0.576267
0.75 0.51581
0.5 0.607886
0.833333 0.699963
0.75 0.792039
0.666667 0.815884
0.666667 0.723808
0.833333 0.631732
0.416667 0.539655
0.333333 0.552421
0.666667 0.644498
0.916667 0.736574
0.916667 0.828651
0.75 0.779273
0.666667 0.687196
0.833333 0.59512
0.583333 0.503043
0.75 0.589033
0.416667 0.681109
0.916667 0.773186
0.666667 0.834738
0.583333 0.742661
0.833333 0.650585
0.583333 0.558508
0.333333 0.533568
0.583333 0.625645
0.75 0.717721
0.916667 0.809797
1 0.798126
0.666667 0.70605
0.75 0.613973
0.666667 0.521897
0.583333 0.57018
0.916667 0.662256
0.666667 0.754333
0.833333 0.846409
0.666667 0.761514
0.666667 0.669438
0.666667 0.577362
0.25 0.514715
0.833333 0.606791
0.833333 0.698868
0.916667 0.790944
0.666667 0.816979
1 0.724903
0.75 0.632826
0.583333 0.54075
0.5 0.551327
0.75 0.643403
0.583333 0.735479
0.833333 0.827556
0.583333 0.780368
0.583333 0.688291
0.5 0.596215
0.666667 0.504138
0.75 0.587938
0.666667 0.680015
0.75 0.772091
0.916667 0.835833
0.916667 0.743756
0.75 0.65168
0.5 0.559603
0.166667 0.532473
0.583333 0.62455
0.75 0.716626
0.5 0.808703
0.833333 0.799221
0.666667 0.707144
0.416667 0.615068
0.583333 0.522992
0.75 0.569085
0.75 0.661161
0.916667 0.753238
0.916667 0.845314
0.75 0.762609
0.666667 0.670533
0.583333 0.578456
0.5 0.51362
0.583333 0.605697
0.583333 0.697773
0.666667 0.789849
0.583333 0.818074
0.666667 0.725998
0.666667 0.633921
0.583333 0.541845
0.416667 0.550232
0.583333 0.642308
0.916667 0.734385
0.916667 0.826461
0.75 0.781463
0.666667 0.689386
0.833333 0.59731
0.416667 0.505233
0.333333 0.586843
0.75 0.67892
0.916667 0.770996
0.666667 0.836927
0.833333 0.744851
0.833333 0.652774
0.583333 0.560698
0.5 0.531378
0.666667 0.623455
0.583333 0.715531
0.833333 0.807608
0.666667 0.800316
0.833333 0.708239
0.75 0.616163
0.333333 0.524086
0.666667 0.56799
0.5 0.660067
0.75 0.752143
0.75 0.844219
0.583333 0.763704
0.583333 0.671628
0.666667 0.579551
0.416667 0.512525
0.666667 0.604602
0.5 0.696678
0.833333 0.788755
0.916667 0.819169
0.666667 0.727093
0.75 0.635016
0.916667 0.54294
0.75 0.549137
0.416667 0.641213
1 0.73329
0.75 0.825366
0.75 0.782557
0.75 0.690481
0.833333 0.598404
0.5 0.506328
0.583333 0.585748
0.666667 0.677825
0.916667 0.769901
0.916667 0.838022
0.916667 0.745946
0.416667 0.653869
0.75 0.561793
0.5 0.530284
0.666667 0.62236
0.666667 0.714437
0.833333 0.806513
0.75 0.801411
0.666667 0.709334
0.666667 0.617258
0.5 0.525181
0.416667 0.566895
0.75 0.658972
0.916667 0.751048
0.75 0.843125
1 0.764799
0.75 0.672723
0.75 0.580646
0.25 0.51143
0.583333 0.603507
0.583333 0.695583
0.833333 0.78766
0.916667 0.820264
0.916667 0.728187
0.666667 0.636111
0.166667 0.544034
0.5 0.548042
0.583333 0.640118
0.75 0.732195
0.833333 0.824271
0.916667 0.783652
0.666667 0.691576
0.583333 0.599499
0.583333 0.507423
0.666667 0.584654
0.416667 0.67673
0.833333 0.768807
0.916667 0.839117
0.583333 0.747041
0.75 0.654964
0.5 0.562888
0.5 0.529189
0.5 0.621265
0.75 0.713342
1 0.805418
0.666667 0.802505
0.833333 0.710429
0.75 0.618353
0.416667 0.526276
0.5 0.5658
0.75 0.657877
0.75 0.749953
0.75 0.84203
0.666667 0.765894
0.833333 0.673817
0.75 0.581741
0.333333 0.510336
0.416667 0.602412
0.666667 0.694488
0.75 0.786565
0.916667 0.821359
0.666667 0.729282
0.5 0.637206
0.5 0.545129
0.333333 0.546947
0.416667 0.639024
0.833333 0.7311
0.916667 0.823177
0.666667 0.784747
0.833333 0.692671
0.416667 0.600594
0.416667 0.508518
0.666667 0.583559
0.75 0.675635
0.833333 0.767712
0.916667 0.840212
0.666667 0.748135
0.833333 0.656059
0.666667 0.563982
0.5 0.528094
0.583333 0.62017
0.583333 0.712247
0.833333 0.804323
0.666667 0.8036
0.5 0.711524
0.666667 0.619447
0.416667 0.527371
0.583333 0.564706
0.833333 0.656782
0.75 0.748858
1 0.840935
0.833333 0.766989
0.666667 0.674912
0.583333 0.582836
0.5 0.509241
0.416667 0.601317
0.583333 0.693394
0.75 0.78547
0.75 0.822453
0.666667 0.730377
0.416667 0.638301
0.5 0.546224
0.333333 0.545852
0.833333 0.637929
0.75 0.730005
1 0.822082
1 0.785842
0.666667 0.693765
0.5 0.601689
0.583333 0.509612
0.833333 0.582464
0.666667 0.67454
0.75 0.766617
0.833333 0.841307
0.75 0.74923
0.583333 0.657154
0.583333 0.565077
0.25 0.526999
0.666667 0.619076
1 0.711152
0.75 0.803228
1 0.804695
0.75 0.712619
0.5 0.620542
0.75 0.528466
0.666667 0.563611
0.5 0.655687
0.833333 0.747764
1 0.83984
0.75 0.768083
0.833333 0.676007
0.416667 0.583931
0.5 0.508146
0.25 0.600222
0.833333 0.692299
0.75 0.784375
0.916667 0.823548
0.75 0.731472
0.666667 0.639395
0.666667 0.547319
0.5 0.544758
0.666667 0.636834
0.833333 0.72891
0.833333 0.820987
0.833333 0.786937
0.75 0.69486
0.666667 0.602784
0.5 0.510707
0.5 0.581369
0.666667 0.673446
0.666667 0.765522
0.75 0.842402
0.75 0.750325
0.833333 0.658249
0.666667 0.566172
0.5 0.525904
0.75 0.617981
0.583333 0.710057
0.916667 0.802134
0.916667 0.80579
0.75 0.713713
0.583333 0.621637
0.666667 0.529561
0.416667 0.562516
0.416667 0.654592
0.833333 0.746669
1 0.838745
0.75 0.769178
0.583333 0.677102
0.583333 0.585025
0.333333 0.507051
0.666667 0.599128
0.833333 0.691204
0.833333 0.78328
0.916667 0.824643
0.75 0.732567
0.5 0.64049
0.583333 0.548414
0.666667 0.543663
0.583333 0.635739
0.666667 0.727816
0.75 0.819892
0.583333 0.788032
0.75 0.695955
0.666667 0.603879
0.416667 0.511802
0.333333 0.580274
0.666667 0.672351
0.666667 0.764427
0.916667 0.843496
0.75 0.75142
0.5 0.659343
0.583333 0.567267
0.583333 0.524809
0.833333 0.616886
0.833333 0.708962
0.916667 0.801039
0.833333 0.806885
0.833333 0.714808
0.833333 0.622732
0.583333 0.530655
0.333333 0.561421
0.75 0.653498
0.75 0.745574
0.75 0.83765
1 0.770273
0.833333 0.678197
0.416667 0.58612
0.0833333 0.505956
0.333333 0.598033
0.75 0.690109
0.75 0.782186
0.833333 0.825738
0.583333 0.733662
0.5 0.641585
0.416667 0.549509
0.416667 0.542568
0.666667 0.634644
0.666667 0.726721
0.916667 0.818797
0.666667 0.789126
0.75 0.69705
0.75 0.604973
0.5 0.512897
0.416667 0.579179
0.916667 0.671256
0.916667 0.763332
0.916667 0.844591
0.833333 0.752515
0.75 0.660438
0.583333 0.568362
0.666667 0.523715
0.75 0.615791
0.75 0.707868
0.916667 0.799944
0.583333 0.80798
0.916667 0.715903
0.75 0.623827
0.583333 0.53175
0.5 0.560326
0.666667 0.652403
0.833333 0.744479
0.916667 0.836556
0.916667 0.771368
0.5 0.679292
0.666667 0.587215
0.5 0.504861
0.333333 0.596938
0.416667 0.689014
0.916667 0.781091
0.75 0.826833
0.666667 0.734756
0.75 0.64268
0.583333 0.550603
0.666667 0.541473
0.916667 0.633549
0.833333 0.725626
0.666667 0.817702
1 0.790221
0.833333 0.698145
0.75 0.606068
0.666667 0.513992
0.75 0.578085
0.583333 0.670161
0.916667 0.762238
0.833333 0.845686
0.583333 0.75361
0.416667 0.661533
0.583333 0.569457
0.166667 0.52262
0.416667 0.614696
0.916667 0.706773
0.75 0.798849
1 0.809074
0.666667 0.716998
0.583333 0.624922
0.666667 0.532845
0.583333 0.559231
0.916667 0.651308
0.916667 0.743384
0.916667 0.835461
1 0.772463
0.75 0.680386
0.5 0.58831
0.416667 0.503767
0.333333 0.595843
0.916667 0.687919
0.666667 0.779996
0.75 0.827928
0.833333 0.735851
0.5 0.643775
0.5 0.551698
0.416667 0.540378
0.583333 0.632455
0.75 0.724531
0.833333 0.816608
0.75 0.791316
0.5 0.69924
0.5 0.607163
0.166667 0.515087
0.333333 0.57699
0.666667 0.669066
1 0.761143
0.916667 0.846781
0.666667 0.754704
0.75 0.662628
0.583333 0.570552
0.416667 0.521525
0.5 0.613601
0.833333 0.705678
0.75 0.797754
0.75 0.810169
0.666667 0.718093
0.75 0.626016
0.583333 0.53394
0.416667 0.558137
0.666667 0.650213
0.666667 0.742289
0.666667 0.834366
0.666667 0.773558
0.75 0.681481
0.666667 0.589405
0.416667 0.502672
0.5 0.594748
0.666667 0.686825
0.75 0.778901
0.833333 0.829022
0.75 0.736946
0.416667 0.64487
0.583333 0.552793
0.416667 0.539283
0.75 0.63136
0.833333 0.723436
0.666667 0.815513
0.916667 0.792411
0.666667 0.700334
0.75 0.608258
0.666667 0.516182
0.666667 0.575895
0.666667 0.667971
0.833333 0.760048
0.916667 0.847876
0.75 0.755799
0.833333 0.663723
0.666667 0.571646
0.666667 0.52043
0.833333 0.612507
0.75 0.704583
0.833333 0.796659
0.666667 0.811264
0.583333 0.719188
0.75 0.627111
0.666667 0.535035
0.666667 0.557042
0.416667 0.649118
0.5 0.741195
0.833333 0.833271
0.833333 0.774652
0.75 0.682576
0.666667 0.5905
0.5 0.501577
0.5 0.593653
0.916667 0.68573
0.916667 0.777806
0.916667 0.830117
0.583333 0.738041
0.333333 0.645964
0.75 0.553888
0.583333 0.538188
0.75 0.630265
0.75 0.722341
0.916667 0.814418
0.666667 0.793506
0.833333 0.701429
0.75 0.609353
0.666667 0.517276
0.333333 0.5748
0.833333 0.666877
0.666667 0.758953
0.833333 0.848971
0.75 0.756894
0.583333 0.664818
0.5 0.572741
0.5 0.519335
0.75 0.611412
0.666667 0.703488
0.833333 0.795565
0.916667 0.812359
0.916667 0.720282
0.75 0.628206
0.583333 0.53613
0.333333 0.555947
0.75 0.648023
0.833333 0.7401
0.833333 0.832176
0.916667 0.775747
0.916667 0.683671
0.416667 0.591594
0.583333 0.500482
0.416667 0.592558
0.666667 0.684635
0.75 0.776711
0.916667 0.831212
0.666667 0.739136
0.666667 0.647059
0.5 0.554983
0.5 0.537094
0.666667 0.62917
0.916667 0.721247
0.75 0.813323
0.916667 0.794601
0.916667 0.702524
0.583333 0.610448
0.583333 0.518371
0.5 0.573705
0.583333 0.665782
0.833333 0.757858
1 0.849935
0.916667 0.757989
0.666667 0.665912
0.75 0.573836
0.583333 0.51824
0.75 0.610317
0.75 0.702393
0.666667 0.79447
0.916667 0.813454
0.75 0.721377
0.666667 0.629301
0.666667 0.537224
0.416667 0.554852
0.666667 0.646929
0.916667 0.739005
0.916667 0.831081
0.916667 0.776842
0.666667 0.684766
0.666667 0.592689
0.416667 0.500613
0.5 0.591464
0.5 0.68354
0.666667 0.775617
0.75 0.832307
0.75 0.740231
0.916667 0.648154
0.583333 0.556078
0.666667 0.535999
0.666667 0.628075
0.833333 0.720152
0.916667 0.812228
0.916667 0.795695
0.75 0.703619
0.583333 0.611542
0.416667 0.519466
0.583333 0.57261
0.416667 0.664687
0.75 0.756763
0.916667 0.84884
0.75 0.759084
0.666667 0.667007
0.75 0.574931
0.5 0.517146
0.583333 0.609222
0.75 0.701299
0.916667 0.793375
1 0.814549
0.666667 0.722472
0.583333 0.630396
0.5 0.538319
0.416667 0.553757
0.583333 0.645834
0.75 0.73791
0.75 0.829987
0.833333 0.777937
0.75 0.685861
0.833333 0.593784
0.5 0.501708
0.666667 0.590369
0.666667 0.682445
0.833333 0.774522
0.833333 0.833402
1 0.741325
0.666667 0.649249
0.25 0.557172
0.5 0.534904
0.666667 0.62698
0.833333 0.719057
0.916667 0.811133
0.666667 0.79679
0.916667 0.704714
0.833333 0.612637
0.5 0.520561
0.25 0.571516
0.75 0.663592
0.833333 0.755669
0.916667 0.847745
0.916667 0.760179
0.916667 0.668102
0.416667 0.576026
0.416667 0.516051
0.75 0.608127
0.666667 0.700204
0.666667 0.79228
0.666667 0.815643
0.75 0.723567
0.583333 0.631491
0.5 0.539414
0.416667 0.552662
0.583333 0.644739
0.583333 0.736815
1 0.828892
0.916667 0.779032
0.833333 0.686955
0.583333 0.594879
0.666667 0.502802
0.583333 0.589274
0.583333 0.68135
0.833333 0.773427
0.916667 0.834497
0.75 0.74242
0.75 0.650344
0.833333 0.558267
0.5 0.533809
0.916667 0.625886
0.75 0.717962
0.916667 0.810039
0.916667 0.797885
0.583333 0.705809
0.75 0.613732
0.75 0.521656
0.25 0.570421
0.75 0.662497
0.666667 0.754574
0.833333 0.84665
0.916667 0.761273
0.5 0.669197
0.666667 0.577121
0.416667 0.514956
0.75 0.607032
0.666667 0.699109
0.916667 0.791185
1 0.816738
0.833333 0.724662
0.5 0.632585
0.916667 0.540509
0.166667 0.551568
0.75 0.643644
0.916667 0.73572
1 0.827797
0.916667 0.780127
0.75 0.68805
0.666667 0.595974
0.5 0.503897
0.666667 0.588179
0.833333 0.680256
0.916667 0.772332
0.833333 0.835591
0.833333 0.743515
0.666667 0.651439
0.5 0.559362
0.5 0.532714
0.416667 0.624791
0.916667 0.716867
0.833333 0.808944
0.833333 0.79898
0.916667 0.706903
0.666667 0.614827
0.416667 0.522751
0.0833333 0.569326
0.583333 0.661402
0.833333 0.753479
0.75 0.845555
0.666667 0.762368
0.75 0.670292
0.583333 0.578215
0.5 0.513861
0.666667 0.605938
0.666667 0.698014
1 0.79009
0.833333 0.817833
0.75 0.725757
0.75 0.63368
0.5 0.541604
0.583333 0.550473
0.5 0.642549
0.75 0.734626
0.5 0.826702
0.75 0.781221
0.75 0.689145
0.5 0.597069
0.666667 0.504992
0.333333 0.587084
0.75 0.679161
0.75 0.771237
1 0.836686
0.833333 0.74461
0.416667 0.652533
0.75 0.560457
0.583333 0.531619
0.583333 0.623696
0.916667 0.715772
1 0.807849
0.833333 0.800075
0.75 0.707998
0.833333 0.615922
0.5 0.523845
0.5 0.568231
0.666667 0.660308
1 0.752384
0.75 0.84446
0.75 0.763463
0.583333 0.671387
0.833333 0.57931
0.75 0.512766
0.5 0.604843
0.583333 0.696919
0.75 0.788996
0.666667 0.818928
0.666667 0.726851
0.75 0.634775
0.333333 0.542699
0.333333 0.549378
0.833333 0.641454
0.583333 0.733531
0.916667 0.825607
1 0.782316
0.666667 0.69024
0.75 0.598163
0.666667 0.506087
0.583333 0.585989
0.833333 0.678066
0.75 0.770142
0.666667 0.837781
0.833333 0.745705
0.75 0.653628
0.5 0.561552
0.416667 0.530525
0.916667 0.622601
0.583333 0.714678
0.916667 0.806754
1 0.80117
0.75 0.709093
0.583333 0.617017
0.833333 0.52494
0.75 0.567136
0.833333 0.659213
0.583333 0.751289
0.833333 0.843366
0.833333 0.764558
0.916667 0.672481
0.666667 0.580405
0.333333 0.511671
0.75 0.603748
0.75 0.695824
0.666667 0.787901
1 0.820023
0.916667 0.727946
0.75 0.63587
0.416667 0.543793
0.583333 0.548283
0.666667 0.640359
0.666667 0.732436
0.916667 0.824512
0.75 0.783411
0.583333 0.691335
0.416667 0.599258
0.333333 0.507182
0.5 0.584895
0.833333 0.676971
0.916667 0.769048
0.833333 0.838876
0.833333 0.7468
0.916667 0.654723
0.5 0.562647
0.416667 0.52943
0.583333 0.621506
0.833333 0.713583
0.916667 0.805659
1 0.802264
0.666667 0.710188
0.75 0.618111
0.583333 0.526035
0.583333 0.566041
0.666667 0.658118
0.666667 0.750194
1 0.842271
0.666667 0.765653
0.833333 0.673576
0.833333 0.5815
0.75 0.510577
0.666667 0.602653
0.583333 0.694729
1 0.786806
1 0.821118
0.916667 0.729041
0.666667 0.636965
0.583333 0.544888
0.5 0.547188
0.5 0.639265
0.5 0.731341
0.666667 0.823418
0.583333 0.784506
0.666667 0.69243
0.5 0.600353
0.416667 0.508277
0.416667 0.5838
0.833333 0.675876
0.75 0.767953
0.833333 0.839971
0.75 0.747894
0.833333 0.655818
0.583333 0.563741
0.333333 0.528335
0.666667 0.620411
0.666667 0.712488
0.666667 0.804564
0.916667 0.803359
0.833333 0.711283
0.833333 0.619206
0.75 0.52713
0.666667 0.564947
0.416667 0.657023
0.833333 0.749099
0.833333 0.841176
0.75 0.766748
0.416667 0.674671
0.75 0.582595
0.416667 0.509482
0.583333 0.601558
0.75 0.693635
0.833333 0.785711
0.833333 0.822212
0.666667 0.730136
0.583333 0.63806
0.75 0.545983
0.666667 0.546093
0.583333 0.63817
0.75 0.730246
0.833333 0.822323
0.666667 0.785601
0.666667 0.693524
0.833333 0.601448
0.333333 0.509371
0.5 0.582705
0.833333 0.674781
0.75 0.766858
0.833333 0.841066
0.833333 0.748989
0.5 0.656913
0.5 0.564836
0.5 0.52724
0.5 0.619317
0.916667 0.711393
0.916667 0.803469
0.833333 0.804454
0.75 0.712378
0.833333 0.620301
0.25 0.528225
0.166667 0.563852
0.75 0.655928
0.75 0.748005
0.75 0.840081
0.833333 0.767842
0.666667 0.675766
0.5 0.58369
0.583333 0.508387
0.583333 0.600463
0.666667 0.69254
0.833333 0.784616
0.666667 0.823307
0.833333 0.731231
0.75 0.639154
0.416667 0.547078
0.666667 0.544999
0.583333 0.637075
0.666667 0.729151
0.833333 0.821228
0.916667 0.786696
0.666667 0.694619
0.583333 0.602543
0.583333 0.510466
0.583333 0.58161
0.583333 0.673687
0.75 0.765763
0.916667 0.842161
0.666667 0.750084
0.833333 0.658008
0.75 0.565931
0.583333 0.526145
0.666667 0.618222
0.583333 0.710298
0.666667 0.802375
0.666667 0.805549
0.916667 0.713472
0.916667 0.621396
0.416667 0.52932
0.75 0.562757
0.833333 0.654833
0.666667 0.74691
0.916667 0.838986
0.916667 0.768937
0.583333 0.676861
0.666667 0.584784
0.333333 0.507292
0.666667 0.599369
0.583333 0.691445
0.583333 0.783521
0.833333 0.824402
0.833333 0.732326
0.5 0.640249
0.833333 0.548173
0.25 0.543904
0.916667 0.63598
0.833333 0.728057
0.833333 0.820133
0.666667 0.78779
0.583333 0.695714
0.416667 0.603638
0.666667 0.511561
0.416667 0.580515
1 0.672592
0.833333 0.764668
0.833333 0.843255
0.916667 0.751179
0.75 0.659102
0.583333 0.567026
0.416667 0.52505
0.583333 0.617127
0.583333 0.709203
0.833333 0.80128
0.583333 0.806644
0.75 0.714567
0.25 0.622491
0.5 0.530414
0.583333 0.561662
0.583333 0.653739
0.833333 0.745815
0.75 0.837891
0.666667 0.770032
0.916667 0.677956
0.666667 0.585879
0.5 0.506197
0.5 0.598274
0.75 0.69035
0.666667 0.782427
0.75 0.825497
0.666667 0.73342
0.916667 0.641344
0.416667 0.549268
0.5 0.542809
0.833333 0.634885
0.666667 0.726962
0.75 0.819038
0.916667 0.788885
0.75 0.696809
0.583333 0.604732
0.583333 0.512656
0.666667 0.57942
0.5 0.671497
0.75 0.763573
0.666667 0.84435
0.833333 0.752274
0.666667 0.660197
0.583333 0.568121
0.416667 0.523956
0.583333 0.616032
0.666667 0.708109
0.75 0.800185
0.833333 0.807739
0.5 0.715662
0.666667 0.623586
0.666667 0.531509
0.75 0.560567
0.5 0.652644
0.666667 0.74472
0.666667 0.836797
0.583333 0.771127
0.75 0.67905
0.75 0.586974
0.75 0.505102
0.583333 0.597179
0.666667 0.689255
0.833333 0.781332
0.666667 0.826592
0.833333 0.734515
0.75 0.642439
0.666667 0.550362
0.5 0.541714
0.833333 0.63379
0.75 0.725867
0.666667 0.817943
0.75 0.78998
0.583333 0.697904
0.666667 0.605827
0.5 0.513751
0.833333 0.578326
0.75 0.670402
0.583333 0.762479
0.916667 0.845445
0.916667 0.753369
0.583333 0.661292
0.833333 0.569216
0.416667 0.522861
0.75 0.614937
0.75 0.707014
0.75 0.79909
0.666667 0.808833
0.75 0.716757
0.666667 0.62468
0.75 0.532604
0.583333 0.559472
0.666667 0.651549
0.75 0.743625
0.75 0.835702
0.833333 0.772222
0.583333 0.680145
0.666667 0.588069
0.583333 0.504008
0.5 0.596084
0.5 0.68816
0.666667 0.780237
0.916667 0.827687
0.916667 0.73561
0.75 0.643534
0.583333 0.551457
0.583333 0.540619
0.75 0.632696
1 0.724772
0.833333 0.816849
0.833333 0.791075
0.916667 0.698999
0.75 0.606922
0.5 0.514846
0.333333 0.577231
0.666667 0.669307
0.583333 0.761384
1 0.84654
0.75 0.754463
0.666667 0.662387
0.333333 0.57031
0.25 0.521766
0.666667 0.613842
0.666667 0.705919
0.916667 0.797995
0.666667 0.809928
0.833333 0.717852
0.75 0.625775
0.5 0.533699
0.583333 0.558378
0.75 0.650454
0.583333 0.74253
0.916667 0.834607
0.916667 0.773317
0.833333 0.68124
0.666667 0.589164
0.5 0.502913
0.583333 0.594989
0.583333 0.687066
0.833333 0.779142
0.75 0.828781
0.583333 0.736705
0.666667 0.644629
0.5 0.552552
0.5 0.539524
0.583333 0.631601
0.75 0.723677
0.916667 0.815754
0.916667 0.79217
0.75 0.700093
0.583333 0.608017
0.666667 0.51594
0.5 0.576136
0.833333 0.668212
0.833333 0.760289
0.666667 0.847635
0.666667 0.755558
0.833333 0.663482
0.5 0.571405
0.333333 0.520671
0.666667 0.612748
0.583333 0.704824
0.666667 0.7969
1 0.811023
0.666667 0.718947
0.75 0.62687
0.5 0.534794
0.583333 0.557283
0.833333 0.649359
0.75 0.741436
0.916667 0.833512
0.75 0.774411
0.5 0.682335
0.666667 0.590259
0.416667 0.501818
0.416667 0.593894
0.416667 0.685971
0.75 0.778047
0.833333 0.829876
0.583333 0.7378
0.666667 0.645723
0.5 0.553647
0.5 0.53843
0.75 0.630506
0.833333 0.722582
0.833333 0.814659
0.833333 0.793265
0.583333 0.701188
0.5 0.609112
0.666667 0.517035
0.666667 0.575041
0.666667 0.667118
0.666667 0.759194
0.916667 0.84873
1 0.756653
0.916667 0.664577
0.583333 0.5725
0.333333 0.519576
0.5 0.611653
0.833333 0.703729
0.666667 0.795806
0.583333 0.812118
0.5 0.720041
0.416667 0.627965
0.75 0.535889
0.416667 0.556188
0.5 0.648264
0.916667 0.740341
1 0.832417
0.666667 0.775506
0.833333 0.68343
0.75 0.591353
0.666667 0.500723
0.583333 0.5928
0.75 0.684876
0.583333 0.776952
0.666667 0.830971
0.916667 0.738895
0.75 0.646818
0.416667 0.554742
0.583333 0.537335
0.583333 0.629411
0.75 0.721488
1 0.813564
0.666667 0.79436
0.75 0.702283
0.75 0.610207
0.5 0.51813
0.5 0.573946
0.5 0.666023
0.833333 0.758099
0.666667 0.849824
0.833333 0.757748
0.833333 0.665671
0.666667 0.573595
0.5 0.518481
0.333333 0.610558
0.833333 0.702634
0.916667 0.794711
0.916667 0.813213
0.833333 0.721136
0.916667 0.62906
0.583333 0.536983
0.5 0.555093
0.75 0.64717
0.833333 0.739246
0.916667 0.831322
0.75 0.776601
0.583333 0.684525
0.583333 0.592448
0.416667 0.500372
0.5 0.591705
0.75 0.683781
0.75 0.775858
0.916667 0.832066
0.916667 0.73999
0.5 0.647913
0.666667 0.555837
0.25 0.53624
0.75 0.628316
0.75 0.720393
0.916667 0.812469
0.75 0.795454
0.833333 0.703378
0.833333 0.611301
0.833333 0.519225
0.583333 0.572851
0.666667 0.664928
0.75 0.757004
0.916667 0.849081
0.833333 0.758843
0.666667 0.666766
0.5 0.57469
0.416667 0.517387
0.666667 0.609463
0.666667 0.70154
0.916667 0.793616
0.666667 0.814308
0.833333 0.722231
0.583333 0.630155
0.5 0.538078
0.416667 0.553998
0.666667 0.646075
0.75 0.738151
0.916667 0.830228
0.833333 0.777696
0.75 0.68562
0.416667 0.593543
0.583333 0.501467
0.25 0.59061
0.75 0.682686
0.833333 0.774763
0.666667 0.833161
0.583333 0.741084
0.666667 0.649008
0.583333 0.556931
0.416667 0.535145
0.833333 0.627221
0.583333 0.719298
0.916667 0.811374
0.833333 0.796549
0.916667 0.704473
0.75 0.612396
0.5 0.52032
0.416667 0.571757
0.75 0.663833
0.666667 0.75591
0.916667 0.847986
0.666667 0.759938
0.416667 0.667861
0.583333 0.575785
0.25 0.516292
0.833333 0.608368
0.75 0.700445
0.916667 0.792521
0.75 0.815402
0.75 0.723326
0.833333 0.63125
0.416667 0.539173
