359
380
365
364
514
384
382
385
391
398
576
361
521
376
506
390
378
394
563
402
571
386
545
392
385
559
510
383
375
562
565
508
364
374
506
384
383
388
505
396
393
511
512
390
392
507
380
388
383
391
382
384
504
400
557
571
398
381
378
395
567
398
513
509
509
387
375
563
504
510
381
381
367
390
370
508
514
502
379
507
385
508
384
398
383
366
386
507
389
395
513
507
388
512
393
382
377
569
503
506
378
384
381
369
508
564
515
379
365
387
373
521
575
508
377
508
386
512
504
561
375
392
500
509
386
504
389
565
512
518
513
378
373
389
505
505
514
389
511
382
570
386
565
387
380
370
508
565
503
375
376
390
512
383
561
508
399
562
382
383
383
515
569
506
504
502
389
505
566
388
391
383
566
383
515
387
569
398
510
501
511
393
383
567
505
511
370
381
389
386
571
386
380
387
386
399
381
567
511
388
506
391
391
385
388
392
512
385
378
519
389
395
571
505
516
566
389
566
384
382
376
375
567
362
372
395
387
507
387
376
382
383
388
511
388
507
400
517
381
504
509
570
390
503
387
509
378
378
486
387
385
380
514
385
509
515
562
389
398
377
386
566
391
569
512
391
377
569
375
380
387
514
508
512
360
378
386
386
387
398
393
390
394
568
510
393
508
393
504
385
383
508
512
393
559
391
513
390
391
505
515
392
514
376
513
506
511
380
512
376
504
563
388
511
384
394
504
505
387
381
386
563
381
516
381
387
508
569
390
395
516
510
507
509
385
508
383
511
504
564
391
378
505
569
509
373
395
565
385
565
572
518
379
363
507
363
370
511
388
380
398
384
389
564
387
360
377
384
384
569
504
504
377
563
382
506
387
569
506
367
386
388
392
510
513
317
380
570
383
397
507
369
511
386
384
378
508
505
363
560
386
513
379
369
512
376
393
382
399
389
556
568
382
506
384
372
568
519
386
505
384
509
385
512
367
361
378
386
565
511
507
386
388
513
388
557
385
568
504
375
566
566
506
514
378
385
363
510
508
399
570
388
384
388
568
506
385
384
511
380
506
565
388
575
384
381
373
385
387
513
372
558
371
389
366
373
390
379
393
388
378
366
386
517
384
384
570
569
384
565
378
507
389
382
513
572
562
517
385
508
511
519
516
384
514
512
381
384
571
387
391
511
372
507
513
391
504
393
504
514
386
391
390
399
370
381
392
366
561
503
382
386
377
510
371
513
508
513
506
393
390
392
570
391
318
383
571
376
510
512
395
377
507
506
399
388
385
387
369
395
512
512
514
562
509
501
506
567
561
514
382
377
390
387
507
513
377
562
519
389
572
395
387
360
370
514
504
508
388
504
510
511
380
374
385
391
391
507
514
379
392
511
563
381
570
379
557
566
396
384
510
519
499
382
370
573
380
507
508
383
379
572
504
383
518
510
371
371
370
381
372
389
362
380
402
557
564
513
390
386
562
386
567
507
506
383
384
388
388
507
363
495
520
514
501
505
502
388
399
376
391
565
511
568
370
379
365
376
567
383
353
394
387
387
374
512
566
381
386
395
509
384
383
391
505
384
383
392
398
392
393
507
376
387
372
514
357
383
384
507
513
390
383
380
393
510
387
379
508
564
515
387
380
506
386
507
510
508
385
368
509
502
365
506
380
510
383
512
375
561
387
514
392
367
374
549
381
382
396
393
507
384
513
508
361
375
385
394
359
371
382
390
512
566
396
365
511
516
366
321
380
564
388
508
500
399
504
393
387
507
388
514
505
386
515
557
391
381
514
387
576
566
506
560
569
396
386
503
387
564
392
509
502
502
567
507
510
380
382
380
508
506
499
573
508
379
395
385
518
398
385
385
570
390
510
365
379
512
387
390
564
388
387
390
514
395
391
388
403
512
380
510
508
380
384
508
377
385
565
507
363
393
397
381
566
378
389
564
367
506
390
376
568
562
511
391
507
394
507
500
387
512
392
569
506
565
367
382
389
565
512
376
375
562
506
390
561
398
378
386
387
508
509
504
515
383
515
386
388
379
389
505
502
514
509
392
379
511
569
383
565
362
375
332
508
380
386
378
386
504
514
370
501
566
506
392
515
392
364
382
362
513
562
391
380
567
386
381
381
566
388
377
385
386
386
390
504
388
509
574
568
516
565
562
387
389
393
377
563
385
513
391
513
511
383
557
377
380
503
567
565
391
513
382
369
387
509
369
394
381
392
506
561
566
510
516
567
561
566
377
389
509
386
385
384
505
565
389
563
567
515
395
389
360
564
505
383
390
384
567
518
509
560
378
504
385
383
510
382
385
369
566
395
385
364
384
379
571
565
564
510
384
389
382
401
508
568
368
506
507
511
511
507
382
513
378
393
512
367
397
512
387
509
393
515
505
513
503
377
387
382
510
393
397
566
382
383
511
384
383
506
391
395
513
376
370
395
507
568
507
377
507
379
378
375
510
380
518
507
508
362
519
561
387
515
509
387
512
395
511
509
380
503
516
504
379
566
565
369
377
513
383
397
508
382
502
388
567
563
380
369
507
513
386
394
386
365
393
504
390
503
372
505
383
371
371
