566
565
505
510
573
566
506
568
512
564
506
569
512
568
564
569
562
567
507
562
505
510
568
570
571
509
569
566
500
558
564
567
568
568
484
565
517
562
563
563
510
509
507
555
567
504
556
511
568
570
571
561
566
510
516
564
565
507
567
562
564
566
511
565
563
517
512
510
485
566
568
509
559
568
514
568
568
564
567
568
563
564
564
503
570
561
564
506
507
506
513
561
569
564
513
568
516
560
563
567
517
507
565
517
565
564
506
508
562
564
566
566
508
568
567
568
512
512
569
561
505
563
567
566
566
513
570
567
560
506
564
576
569
571
569
567
506
562
568
573
566
563
567
565
568
565
516
562
510
564
510
568
563
558
510
567
509
562
568
510
508
509
568
504
566
560
568
566
571
520
567
568
558
568
563
516
506
510
568
509
509
567
568
503
570
514
565
567
558
568
568
510
510
515
567
560
565
563
504
572
512
505
514
568
549
565
570
564
568
559
566
568
568
572
573
565
509
565
564
498
512
513
507
515
503
566
515
507
507
510
566
506
566
569
510
565
568
564
504
565
562
553
516
563
517
509
567
567
566
562
511
559
506
562
514
562
568
566
571
568
515
568
565
567
571
564
565
566
566
514
563
509
512
503
509
491
567
564
505
513
556
514
508
506
569
566
563
510
513
561
509
511
564
509
565
572
568
569
508
566
568
568
512
565
574
565
560
566
508
560
565
511
507
490
571
565
509
566
569
567
507
518
511
564
506
513
517
511
561
570
513
568
560
566
510
510
503
569
509
569
506
562
564
562
566
504
560
572
560
513
565
516
572
512
506
566
566
562
504
500
564
562
568
573
509
508
570
511
563
512
570
562
567
564
507
490
568
504
560
509
559
510
568
566
570
511
508
563
512
564
570
570
567
505
567
567
560
512
574
558
564
573
567
558
564
565
570
567
509
566
567
570
515
565
568
514
563
505
510
517
561
562
508
574
575
508
572
512
564
566
570
571
562
508
511
564
563
570
569
563
506
569
567
505
560
515
568
567
567
568
512
512
567
567
512
505
562
566
566
509
502
514
568
510
563
568
512
564
566
507
514
567
571
562
568
570
562
513
503
564
502
565
510
565
567
509
510
568
513
567
567
512
511
566
561
568
567
568
566
572
561
558
567
566
568
505
568
564
570
506
514
569
570
510
567
512
565
512
569
567
565
571
508
564
506
505
514
565
568
567
563
511
571
569
566
510
514
567
505
564
514
564
510
562
506
569
562
561
512
567
564
571
569
565
506
508
567
562
506
562
568
560
562
503
563
567
561
567
571
562
564
563
561
512
573
509
569
564
567
562
564
563
565
572
514
571
518
562
560
565
519
506
506
512
566
563
518
567
506
510
565
510
566
564
567
562
509
561
492
561
516
565
511
564
483
566
567
569
570
509
566
563
558
563
509
512
507
568
565
569
561
573
568
508
512
566
569
506
567
565
512
513
514
576
570
565
566
508
512
563
566
511
510
567
511
568
568
565
513
515
513
519
514
567
573
564
566
512
570
568
569
570
570
563
567
509
508
563
510
564
565
509
567
570
504
568
565
567
560
508
565
509
564
555
570
511
566
501
557
564
568
507
514
567
568
565
562
558
559
567
506
570
560
568
567
566
569
512
500
565
563
567
506
564
564
565
562
505
563
509
568
507
510
563
514
560
566
563
500
563
559
512
503
568
512
564
565
566
507
559
561
567
568
571
563
508
515
566
551
567
571
566
508
514
564
570
571
506
574
510
568
558
568
559
572
570
565
570
563
561
563
506
510
567
566
570
503
568
511
565
562
506
561
512
563
517
566
510
509
506
508
568
511
571
565
566
504
560
562
563
570
565
560
567
510
562
575
564
505
565
569
507
568
565
561
565
560
511
565
510
513
568
571
568
563
571
562
562
566
502
570
563
565
557
568
505
566
567
508
565
565
568
509
512
507
507
574
510
568
563
564
569
510
568
564
574
566
565
567
562
569
573
562
567
509
568
566
508
510
569
562
569
561
562
505
511
564
563
506
506
505
510
567
563
567
565
505
562
557
505
507
570
566
510
562
567
566
563
515
567
566
510
568
561
511
509
509
563
563
507
569
566
566
568
510
569
569
563
513
564
570
565
566
567
560
508
571
513
563
565
509
573
513
565
565
564
571
504
566
550
509
562
568
511
514
511
564
560
574
569
509
570
565
567
569
564
563
559
568
514
516
512
566
569
513
513
519
566
568
508
509
565
562
507
513
568
506
565
568
568
508
564
510
565
486
563
506
567
572
514
563
566
565
565
560
509
503
569
563
568
567
567
510
513
566
564
565
564
567
512
515
568
564
566
511
513
564
572
569
562
564
512
568
513
512
506
565
566
510
570
514
509
562
512
568
502
508
560
512
504
512
563
512
486
569
568
562
506
507
507
506
568
563
570
566
564
506
570
507
570
513
565
568
511
569
568
505
566
506
512
564
564
570
567
562
573
510
512
517
562
517
506
504
509
507
508
510
565
516
507
509
567
573
510
513
560
564
569
570
567
574
509
565
514
564
569
565
566
510
565
565
569
562
566
565
570
